"","x"
"BPIFB1",6
"CAV1",6
"EMP2",6
"LCN2",6
"MGP",6
"MSMB",6
"SCGB1A1",6
"SCGB3A1",6
"SCGB3A2",6
"TPPP3",6
"CAPS",5.83111153566788
"SAA1",5.30414521209366
"AGER",5.24109540192744
"RTKN2",4.58017746482238
"TFF3",4.54997191501198
"HSP90AA1",4.4403023282483
"MYL9",4.35016702746435
"OMG",4.3315510794937
"TMEM190",4.26963634656947
"S100A10",3.95165758389812
"C20orf85",3.66707710667755
"C9orf24",3.5965115875079
"MT-ND3",3.47374132777624
"FABP6",3.43274063510474
"TNNC1",3.41803579677347
"C1orf194",3.3308081225584
"TSPAN1",3.31867191366557
"GSTA2",3.30402296894735
"FAM183A",3.27905674861598
"SNTN",3.27466557105776
"CXCL8",3.27255263009934
"TAGLN",3.27191396179391
"C2orf40",3.24959450912916
"DNAAF1",3.22930819605486
"RSPH1",3.22408273435105
"MORN2",3.19464060717915
"LRRIQ1",3.16776034595422
"ADIRF",3.16624156786117
"CD24",3.14808389322906
"SPOCK2",3.12658236884747
"CXCL1",3.08898504263791
"DYNLL1",3.08455158539882
"WFDC2",3.06641394807615
"ANXA3",3.04835857842258
"CTGF",3.02450659273358
"C11orf88",3.02344999908966
"CEACAM6",2.98768810644487
"PRDX5",2.93079239021896
"CAV2",2.90511650839277
"CETN2",2.90143966627474
"PIFO",2.89971404911326
"CAPSL",2.89056261723171
"MRPS31",2.88612348749332
"IGFBP2",2.81465545482539
"GSTA1",2.80899643510219
"DRC3",2.79658209128463
"NTM",2.79044311223292
"C5orf49",2.78388255394828
"RP11-295M3.4",2.78027762104359
"DYNLRB2",2.7184621384285
"HP",2.70948500379416
"C9orf116",2.67946646934105
"ODF3B",2.67125132607374
"MS4A8",2.64126162754919
"IGFBP7",2.61293844888356
"C12orf75",2.5890810733971
"DNAH12",2.58355894332637
"PIGR",2.58319371079515
"IL32",2.58075226984725
"AC013264.2",2.54353063796017
"KLRB1",2.52794882341906
"LRRC46",2.524201652757
"TIMP3",2.5203116647428
"ERICH3",2.49319578849332
"TUBB4B",2.48720095037116
"CST6",2.4853734307566
"CFAP126",2.48374986059121
"RP1",2.47674781611347
"GPRC5A",2.47046864033101
"MT-ND2",2.45837621151686
"PSENEN",2.45358657646907
"DNAH5",2.44498232989588
"PCAT19",2.43136655687232
"CYP4B1",2.42546581128202
"B2M",2.42130697749824
"IFI6",2.42090276316679
"PLAC8",2.41911511136044
"MORN5",2.41273788783972
"SAA2",2.40748442857739
"CDHR3",2.39438228539132
"WDR54",2.36086840483685
"ZMYND10",2.35112447027997
"IFI27",2.33659882441881
"AGR3",2.31625616601356
"CCDC170",2.30153991842601
"CD55",2.29642504386044
"CCDC78",2.28889763299205
"TUBA1A",2.28227862299127
"FAM229B",2.2726009746009
"DCDC1",2.26360722212472
"DNAH7",2.25895719935066
"TCTEX1D2",2.25880968158315
"CCDC146",2.25526180400967
"FOXJ1",2.25224146407181
"TSPAN19",2.23298062476922
"LMO7",2.20598179222189
"KRT7",2.19891370296976
"CFAP157",2.19094240789526
"EFHC1",2.18740851048143
"CDHR4",2.17508836607544
"CALM1",2.1727354020853
"ROPN1L",2.16356646841552
"SLC44A4",2.16204562727127
"IK",2.14930882411984
"S100P",2.13981121890742
"ACTB",2.12633785288009
"ANXA2",2.12134654274204
"ALDH1A1",2.11936935212072
"ANKRD1",2.11819492025997
"SEMA3B",2.10951150381625
"CFAP53",2.1079955740083
"HYDIN",2.10237676798717
"CATSPERD",2.0888287590115
"CCDC17",2.08355804247522
"RP11-356K23.1",2.08151200849085
"VEGFA",2.07995237085785
"UPK3B",2.07744623417582
"KLK11",2.07272627968475
"LDLRAD1",2.06861828028835
"TMEM232",2.05461988015637
"NQO1",2.03888058778047
"SPAG17",2.03599725972376
"TMEM67",2.03562679375872
"ANOS1",2.03277930120716
"SCEL",2.02982078134989
"FGF14",2.02913535096056
"C9orf135",2.02718320895294
"DNAH6",2.02626994499885
"FAM92B",2.0100023485334
"SOX4",2.00642059924275
"PSCA",2.00007551529358
"ODF2L",1.99518774238731
"FAM227A",1.98281965824347
"PRSS23",1.98224866076224
"DMBT1",1.97247292677137
"TSPAN13",1.96846362375231
"PIP",1.96837603340972
"CLIC5",1.96553891408365
"CYR61",1.95843544015823
"GDF15",1.9561675819462
"DCDC2B",1.95123949943793
"TRBC1",1.95010048188835
"ITGA2",1.92865793424198
"SCGB2A1",1.92862049047363
"RP4-539M6.14",1.92175833061185
"MT2A",1.91715724813743
"CIB1",1.91514100543496
"FAM166B",1.9124823310421
"DYDC2",1.91111910582253
"CHST9",1.90597975434923
"NEK5",1.89914249771711
"CFAP70",1.89842138311715
"DYNC2H1",1.894762163809
"ENKUR",1.89446051546493
"ANKRD29",1.89404814496445
"FAM216B",1.89178075726268
"DTHD1",1.88965812991582
"MARCKS",1.88591938036144
"MAATS1",1.88415228009131
"CEP126",1.87757302288554
"SYT8",1.87654194337284
"RSPH9",1.87570690131841
"CALM2",1.8701558043998
"GAS6",1.86446436785495
"BASP1",1.86436807888406
"DZIP1L",1.85900193002504
"GOLGA8A",1.85882038406388
"CRIP1",1.85664212043023
"C6orf118",1.84619887526563
"S100A11",1.84551048244148
"RPL13A",1.84322676830248
"DNAH11",1.83631738011312
"PLPP2",1.83163630591477
"CCDC189",1.82742776190516
"TEX9",1.82522272841395
"SPATA18",1.82023900086691
"RABL2A",1.80864448519566
"CLIC3",1.80742698971608
"HSPB11",1.80604617400296
"GABPB1-AS1",1.80248162425702
"CCDC74A",1.79909774311977
"CLU",1.79620232525288
"DST",1.79437934716648
"AREG",1.79391307559169
"VWA3A",1.79388980672237
"PPIL6",1.78975913849151
"MOK",1.78794759316579
"C21orf58",1.78578287708498
"SAXO2",1.78336128621411
"MAPK15",1.78193684790594
"CXCL2",1.77925590898852
"FAM81B",1.77915051831326
"STMND1",1.77907173201379
"EFCAB10",1.7762867626026
"MMP7",1.77624016029255
"UFC1",1.77619962531189
"TEKT2",1.77403023684554
"RAB11FIP1",1.77366015385409
"ANKUB1",1.77330639533975
"RP11-620J15.3",1.77129414213977
"TRIP13",1.76894557157751
"PACRG",1.7685244007756
"NME5",1.76685118109388
"RP4-666F24.3",1.76483499877295
"C10orf107",1.76152759557207
"RNASE1",1.75913615213134
"ZBBX",1.75911859971889
"DNALI1",1.75816257586155
"TEKT1",1.75520296766179
"AHNAK",1.75505562204555
"NAPSA",1.75360431154282
"FXYD3",1.75262385132994
"DLEC1",1.74952294841853
"SFTPD",1.74917899395161
"CFAP44",1.74781140358626
"TACSTD2",1.74689035675953
"CCDC153",1.74437381211896
"SPATA17",1.74384531615768
"RSPH4A",1.74340778187165
"MNS1",1.74327449362677
"PEG10",1.74325448165886
"CDS1",1.73931674470949
"EFCAB1",1.73793827183058
"MYCBPAP",1.73537942700192
"CCDC30",1.73534089059679
"IQCG",1.73494644015175
"CLDN3",1.73322897154093
"FMO2",1.72749055809953
"KCTD12",1.72700806057723
"CES1",1.72679930888509
"WDR60",1.72602176771787
"WDR66",1.72433793916929
"LKAAEAR1",1.72100146056307
"CFAP43",1.72038545852478
"TMEM231",1.71952570209636
"CENPM",1.71926183222199
"ALDH3B1",1.71866316696326
"WDR38",1.71519135620737
"SRI",1.71378030245359
"CFAP52",1.71371006606164
"SPAG6",1.71167743413972
"S100A4",1.7100429105628
"WDR78",1.70907957536755
"TNFAIP8L1",1.70585600967387
"MUC4",1.70555986929242
"MS4A15",1.70409789946446
"DNAH10",1.70312956476276
"LRRC23",1.7011928641424
"GSTP1",1.69873791276095
"KRT19",1.698385047426
"STOML3",1.69535870965441
"GPR162",1.69216805071219
"UBXN10",1.69210892763007
"TMEM45A",1.69156279357648
"C11orf97",1.68666347462057
"ARHGAP18",1.68542253228965
"HSPH1",1.68193532375595
"C22orf15",1.67973348632465
"PDLIM4",1.67908662381513
"RRAD",1.67908093905426
"SPA17",1.67835824144188
"ARMC3",1.67776468333591
"RP11-275I14.4",1.67404222271722
"SRGAP3-AS2",1.67347366068416
"IFT88",1.67011660138355
"NEK11",1.66602776421755
"KIF9",1.6657467836966
"CCDC173",1.66495750908825
"C4orf47",1.66128356816038
"C8orf4",1.65898105260244
"DZIP3",1.65623305026212
"LINC01290",1.65621185872658
"IFT27",1.65412591672907
"AQP5",1.65232720600478
"IGFBP5",1.65219383873603
"CCDC39",1.6521443485386
"FANK1",1.65058072089976
"CD164L2",1.65044074003855
"ABCA1",1.64987499664126
"RABL2B",1.64708576603285
"CFAP54",1.64706788124697
"SPAG16",1.64614501566262
"ALOX15",1.6450104252855
"CITED2",1.644557153786
"TMEM107",1.64382843124705
"AK9",1.64234849481044
"CH17-340M24.3",1.6420979705869
"LRTOMT",1.64025656258088
"PGC",1.63960603260627
"CCDC114",1.63657913189033
"PRR29",1.63415912937989
"POLR2I",1.63397608555465
"RP11-263K19.4",1.6317139238066
"VWA3B",1.62913092001811
"DYNLT1",1.62759464308346
"JUN",1.62750138675727
"CFAP57",1.6258538860678
"PRSS12",1.6247385760326
"MDK",1.62350736206556
"KCNRG",1.62161896972056
"FAM179A",1.62103184919606
"AKAP9",1.62077092473632
"CRIP2",1.61987078092262
"MAP1A",1.61825146681513
"C9orf9",1.61669207144717
"FXYD1",1.61556025282413
"DNAI2",1.61449455297539
"CCDC151",1.61383663949947
"SMIM22",1.61335310984122
"CCDC34",1.61300851797738
"NEK10",1.61224445067456
"BBOF1",1.60964964203042
"CP",1.60831632374315
"EZR",1.60747354345729
"TMC5",1.60627614046721
"RP11-128M1.1",1.60590787478519
"TTC25",1.60589365997352
"CCDC74B",1.60494589176465
"DNAJA4",1.60283879769845
"CFAP73",1.60274930784015
"STK33",1.60059014431476
"KIF19",1.59566184111553
"NUDC",1.59516406995885
"AKAP14",1.59002754324036
"CCDC113",1.58768402753654
"HSBP1",1.58601812153505
"PCSK1N",1.58467419228667
"PFN2",1.58461343380708
"IQCD",1.58394482276719
"SDPR",1.58381370220242
"RP11-242D8.1",1.58304321818285
"NEAT1",1.58202194712038
"WFS1",1.5805798387372
"ERICH6-AS1",1.58018900076976
"MAP3K19",1.57984550654328
"DPCD",1.57927586499921
"RPGRIP1L",1.57924964685564
"PTPRT",1.57827746848371
"RARRES2",1.57788184592723
"CFAP45",1.57702388922977
"VSTM2L",1.57669987050939
"MT-CO2",1.57635011478744
"PROS1",1.57455663258728
"DUSP6",1.57409164414754
"GRIN3B",1.57303189882226
"ZNF440",1.57239648108069
"ATF7IP2",1.57090249676876
"RARRES3",1.56893198858685
"ARHGEF26",1.56843466213473
"TSNAXIP1",1.5673426303872
"NCKAP5",1.56725695455019
"C14orf142",1.56544604997622
"LCA5",1.56082028895809
"ZNF273",1.56059471911202
"TCTEX1D1",1.56020816690596
"HMGN3",1.55959342236891
"SLC27A2",1.55923881069156
"DENND6B",1.55797764918375
"RIIAD1",1.55518857992661
"TRIM29",1.55513583531639
"FHAD1",1.55417986207997
"CFAP65",1.55194823458903
"RGCC",1.55019800938674
"ANKRD66",1.54880833270133
"DNAH9",1.5481528404751
"FAM174A",1.54755627149267
"NKG7",1.54691843044679
"IGF2BP2",1.54689309279771
"CTSH",1.5457574148113
"GSN",1.5433111954682
"RGS22",1.54231404993411
"PIH1D3",1.54145741724109
"CKS2",1.53957627134368
"APP",1.53913247425429
"TTC21A",1.53883807635109
"MT-ND5",1.53711770584479
"CKB",1.53622133005506
"AIF1",1.53612213971057
"C6",1.5342654372044
"PIH1D2",1.53344918806722
"CLUAP1",1.53311562565782
"RFX3",1.53158891306309
"FAM27C",1.53142298790923
"NBEA",1.53115195137263
"CRYAB",1.53035572048302
"RSPH3",1.5299166496816
"IQCK",1.52868174994459
"GSTA3",1.5286456273493
"CTSS",1.52712540446391
"NNMT",1.52690002549342
"EMP1",1.52583723500872
"LINC01571",1.52508439052382
"SLPI",1.5250358938259
"C11orf70",1.52154111179038
"SPEF2",1.52142184324841
"ITLN2",1.51774076258934
"TTLL7",1.51769657861448
"DNAI1",1.51767945748508
"RP11-101E5.1",1.51577019318811
"OSCP1",1.51494751946827
"RND3",1.51469558617777
"WRB",1.51337324921112
"LAMA5",1.51252059120582
"ID1",1.51226550334032
"P4HTM",1.51087316013281
"SLC39A8",1.50760497848495
"EPOR",1.50671914699834
"IFT140",1.50650898163687
"TSGA10",1.5059708041145
"DENND3",1.50575304295718
"DNAJB13",1.50393060442548
"S100A6",1.5037142456514
"GEM",1.5033822963233
"GKN2",1.50053905500657
"MAFB",1.49966260095495
"KCNN3",1.49637269128973
"CTXN1",1.4945604727613
"MEIS2",1.49337349876472
"SPTBN1",1.49262040172484
"PKIB",1.49093449308607
"NUCB2",1.48950712696648
"C21orf59",1.48950082272146
"DUSP1",1.48802359418679
"DOC2A",1.48790579070762
"TIMP2",1.48775999476108
"ANKRD26",1.487715606236
"DNAAF3",1.48603963743724
"TGM2",1.48434715754115
"PALMD",1.48415943883704
"SPEF1",1.48213489220444
"KIF21A",1.48186000296426
"RUVBL2",1.48063039256052
"CFAP69",1.4804520881803
"TCTEX1D4",1.48026884641002
"CXCR4",1.4767398726553
"TTC5",1.47590945207875
"IFT57",1.47518137209227
"NCOA7",1.47476679708315
"CSPP1",1.47464768525643
"UBXN11",1.4744880776576
"GCLM",1.47423006309396
"GOLT1A",1.47316683990715
"NDNF",1.47304880354309
"CFAP46",1.47244007929957
"ADGB",1.47205377489784
"AK7",1.4685548519282
"C7orf57",1.46845745420521
"AKR1C1",1.46776538796898
"GJA1",1.4677614849483
"CCL5",1.46586016524671
"SERPINF1",1.46410489445075
"CCDC80",1.46368251627009
"FTO",1.46341588238441
"PTGS2",1.46326043558672
"MT-CYB",1.46280941032407
"CASC1",1.46259031767525
"MDH1B",1.46112777485276
"RIBC1",1.4608129238716
"TRAF3IP1",1.46019384648599
"SEC14L4",1.45856225742277
"AGR2",1.45837252121964
"SYNE2",1.45665783002389
"CST7",1.45623844283696
"INTU",1.45564607053487
"OSBPL6",1.45545593816476
"C11orf96",1.45491005229408
"C1orf168",1.45467874699067
"WDR49",1.45428941452969
"CFAP74",1.45221707905018
"ICAM1",1.45200702081818
"TMEM212",1.44971048307911
"FOS",1.44918208908678
"RAB36",1.44880137792139
"TUSC3",1.44869802449214
"DEGS2",1.44768128277824
"B9D1",1.44712562124926
"SSBP4",1.44562176028172
"C1orf87",1.44489789255594
"FMN1",1.44399002567814
"TTC29",1.44336486995389
"TTLL10",1.4428128019198
"CAPS2",1.43982747977717
"AKAP6",1.43978318501523
"SPAG8",1.43974210078429
"IFT172",1.43875980738651
"SMIM6",1.43786996876091
"NRAV",1.43783190184515
"CTA-363E6.2",1.43691867816233
"GPC3",1.43665924952752
"EFCAB2",1.43513975739377
"SLFN13",1.4339242830322
"HES1",1.43310846238866
"NELL2",1.43214254126498
"CLIC6",1.43204846857013
"PPP1R42",1.43188307676978
"LGALS3",1.43127317896354
"PLEKHS1",1.43097061217556
"IL34",1.43087113366865
"NPC2",1.42932157516798
"TUBA4B",1.42811825431973
"LIMCH1",1.42733878751953
"RSRP1",1.42715584122706
"TAX1BP1",1.42446650418702
"C5orf42",1.42444386349786
"HIST1H1C",1.42441289100574
"ELF3",1.42410009383954
"AZGP1",1.42287879393883
"MSLN",1.42216754567407
"RP11-60L3.1",1.42152931566925
"SFTA1P",1.42141011957078
"MARCO",1.41912726498271
"DBI",1.41906393620499
"SPATA33",1.41886701303947
"IFT22",1.4188190853032
"PRUNE2",1.41863708661216
"CADM1",1.41818722566692
"PCM1",1.41549297367182
"CCDC181",1.41454669573701
"PCNXL4",1.41354446991162
"SLC2A3",1.41342118986419
"SNAPC1",1.41300027548176
"MAP1B",1.41136414030528
"CNTRL",1.41125134399001
"KLHDC9",1.41067075275649
"C17orf97",1.40918964988275
"HMGB3",1.40854270468078
"GPM6A",1.40820074441126
"NSUN7",1.40794963493378
"FCGR3A",1.40742030247165
"EFHC2",1.40709907835105
"DRC1",1.40572123483181
"RDX",1.40501990281234
"RPA3",1.40316327413187
"TSPAN8",1.40191663486155
"ZMYND12",1.39987524814918
"METTL7A",1.39986061278363
"CFAP221",1.39982878581788
"TCTN1",1.39943039307258
"GADD45B",1.39930985961417
"COL4A3",1.39892247121447
"NPHP1",1.39749227898598
"INSR",1.3972675725481
"C19orf33",1.39705688633767
"VIM",1.39632242931375
"C4orf22",1.39562227626763
"SUN1",1.39558989965291
"RUVBL1",1.39531618446742
"RP11-1008C21.1",1.3946794550492
"HHIP",1.39393189693538
"EIF4G3",1.39383662404231
"FSD1L",1.39331465015099
"ZNF431",1.39303368454316
"LINC00891",1.39180336428734
"SOCS3",1.39162574361165
"C2orf73",1.39080563310156
"TEKT4",1.38945644580991
"ENDOG",1.3894322565235
"ANKMY1",1.38746175471258
"KCNQ1OT1",1.38715851535088
"C20orf96",1.38683291674827
"ST6GALNAC2",1.38488262549553
"OSBPL3",1.38473673620974
"FABP5",1.38323116930318
"AC008268.1",1.38288308596984
"PREPL",1.38234916413214
"DGKH",1.38200876129299
"RP11-395B7.4",1.38051531338935
"FSTL1",1.37915194339616
"USP2",1.37891695531531
"LRWD1",1.37851946445726
"SCPEP1",1.37824561450551
"RHOU",1.37748575158551
"CCDC180",1.37719998339852
"TNFRSF12A",1.37711595440566
"HOXD1",1.37704549803788
"CTNNAL1",1.37670938859418
"FRMPD2",1.37630969015609
"ANXA1",1.37564968435776
"MORN3",1.37550627403099
"METRN",1.37538731384153
"ABCA5",1.37523353204473
"CLDN1",1.37493525473554
"TM4SF1",1.37481291262065
"C11orf16",1.37316019260325
"ATF3",1.37267219602983
"IL5RA",1.37075243565361
"ACYP1",1.37007480285696
"PTPRF",1.36962275550796
"CFAP100",1.36914693343997
"GCLC",1.36810151403931
"BCAM",1.3669084011735
"DNPH1",1.36682260231854
"RFX2",1.36673644583191
"PCYOX1",1.36616055298456
"PHTF1",1.36362206831727
"CD164",1.36310735000867
"CCL15",1.36138741182983
"HHLA2",1.36055484681113
"UNC119B",1.36043028198986
"HN1L",1.35977598257536
"PLPP3",1.35932923915359
"FUZ",1.35870071531659
"MSH3",1.35851782843583
"TSPAN6",1.35850557698171
"NME7",1.35780925405743
"VAMP5",1.35768907081016
"RCAN3",1.35749391933187
"PAPSS2",1.35638981995806
"AHSA2",1.35583799083035
"PNMA2",1.35569649560139
"ST6GALNAC1",1.35498072488354
"FOLR1",1.35455785207633
"ATP1B3",1.35451878583001
"DUSP18",1.35409930853696
"BCYRN1",1.35394973459302
"LXN",1.35346807229736
"PAQR8",1.35317702091758
"TTLL9",1.35263231894173
"MT1E",1.35137143040036
"TTN",1.35064406586457
"CH17-360D5.2",1.350138594725
"MYL6",1.34995087339142
"SPAG1",1.34946117791772
"DYX1C1",1.34904966880147
"ZNHIT2",1.34768467224116
"CYP2F1",1.34685293328534
"HACD4",1.34565499560115
"FHDC1",1.34529227919879
"SORBS2",1.34464379238099
"MAK",1.34445292030303
"FN1",1.34396119291742
"GZMA",1.34346878644026
"LST1",1.34301880310211
"NEIL1",1.34213159285029
"ALCAM",1.34204555687949
"MLF1",1.34107666574757
"ZC2HC1A",1.34089639769576
"MPDZ",1.3408363481519
"SRGAP3",1.34083087425333
"C1orf198",1.33971450257021
"LRRC10B",1.33923043031801
"SNAPC3",1.33913270328376
"ICA1L",1.33873246293899
"TCEAL2",1.33806239683426
"HES4",1.33772052920327
"ZFP14",1.33724193917848
"KLF6",1.33707035291474
"STOX1",1.3365148226815
"HSPBP1",1.33634659151865
"LAMA3",1.3354341206306
"S100A9",1.33489697542005
"PTRF",1.33448942386262
"SYTL3",1.33443367271295
"CCDC84",1.33218453332162
"MARCH10",1.33167037831183
"OTUD5",1.33163262043662
"USP43",1.33085326318969
"CC2D2A",1.33036791713242
"AKNA",1.32946083378258
"RPGR",1.32917871157512
"CEP164",1.32833355867337
"ZNF487",1.32795867717423
"PKIG",1.32707024101918
"H3F3B",1.32638207674499
"ATPIF1",1.32598859726813
"ATP9A",1.32550987163246
"NPNT",1.32501959381865
"RBP1",1.32417958534592
"ABLIM1",1.32284595320901
"SARAF",1.32178048203456
"ARMC4",1.32159597299339
"MUC15",1.32152121203915
"SEMA3E",1.31992672225848
"IFT74",1.31961500517143
"INHBB",1.31943887701082
"LRRC6",1.31934571139473
"SRGAP1",1.31876329424604
"HLA-B",1.31807829481996
"GCC2",1.31738573930041
"KIFAP3",1.31714451759591
"TRMT10A",1.31683445101458
"SOX2",1.31672235956501
"FAM65B",1.31639241517214
"TFPI",1.3163089832689
"SPATA4",1.3148859804435
"MACROD2",1.31384054292538
"C14orf132",1.3137886354377
"HPN",1.31281736980976
"SYTL2",1.31264354315805
"LAMB3",1.31235515623178
"ID4",1.31230073050748
"MTMR6",1.31172734581725
"SSB",1.31164077414142
"DAPK2",1.31156068445601
"POPDC3",1.31074610604518
"FAM21A",1.31069855078383
"DNAH2",1.30893508822682
"BIRC3",1.30886419564602
"WDR63",1.30826022635913
"TNRC6A",1.30725689990253
"UNK",1.30657161759471
"CBY1",1.30613055623579
"DNAL1",1.30575178824039
"ZNF3",1.30523637271965
"SERPINB6",1.30506000486011
"NEK1",1.30441873230341
"KRT8",1.30372257364404
"AQP4",1.3033498948964
"TDRP",1.30294124515576
"WWC2",1.30253451577272
"ARL3",1.30143148820716
"TOMM34",1.3006092366355
"PLXNB1",1.30032092880743
"ID3",1.29952807093489
"DYNC2LI1",1.29929651432459
"KMT5C",1.29908549378784
"C11orf74",1.2987330945795
"KNDC1",1.29790222551942
"CLDN18",1.29568648784667
"CROCC",1.29557185227945
"IQCA1",1.2953431386505
"CTBP2",1.29504555182729
"CEP290",1.29423626861442
"REC8",1.2942233840826
"FAM172A",1.29313623749016
"IER3",1.29300194290375
"AP1G2",1.29275530518811
"MT-ND4",1.29141120228947
"MORN1",1.29106979217691
"ID2",1.2905456843313
"CYSTM1",1.29037827502717
"ZFYVE16",1.28987013635202
"DDIT4",1.28832604381144
"CCP110",1.28714501058849
"ANKRD37",1.28667087981744
"SMPD2",1.28646981194267
"GBP3",1.28577945620112
"MYO1E",1.28559733726489
"YWHAH",1.28436229762891
"DNAJC10",1.28429694126761
"GOT2",1.28268264117588
"HSD11B1L",1.28251369220782
"BBS4",1.28244871861088
"PTMA",1.28090767367168
"ABCA7",1.28085269849466
"CDC16",1.28071297723361
"DALRD3",1.28052191782791
"LCA5L",1.27959774052026
"SESTD1",1.27880894341335
"AHSA1",1.27876084662369
"IGF1R",1.27874565893089
"ANKS3",1.27866859959146
"H2AFJ",1.27838780980174
"ZNF682",1.27804913326703
"POFUT2",1.27755339939394
"CCDC65",1.27740847355146
"SPATA6L",1.277353195831
"IQCE",1.27727743813232
"UBXN7",1.2770986817162
"SLC40A1",1.27701720206691
"CCDC88C",1.27562873525233
"ATP2A2",1.27560039876072
"TRIM2",1.27465366534225
"SESN3",1.27388909272431
"RP11-347J14.7",1.27343416188167
"ANKZF1",1.273260806752
"LZTFL1",1.27320429486295
"LBH",1.27278070049822
"SOD3",1.27184120448063
"MSI2",1.2712952797393
"CLMN",1.27112376709626
"RP5-1092A3.4",1.27109284126504
"CATIP",1.27059378697412
"SNX14",1.27037865070314
"SAT1",1.27005142841763
"LRRC71",1.26992973769943
"CCNO",1.26973356222551
"DVL2",1.26782649212426
"GADD45A",1.26747825464064
"ORM1",1.26636304381044
"SLC22A4",1.26627765967337
"PTPRN2",1.26584029534742
"TRNAU1AP",1.26581734718977
"SPRYD7",1.26522418639769
"KRT18",1.26517700556008
"MYL12A",1.26444166795557
"CCDC157",1.26399216590287
"MACC1",1.26345245586444
"PLEKHB1",1.26274021688221
"APITD1",1.26254229679471
"ABCF1",1.2622251643711
"PGM2L1",1.26221333321972
"DAAM1",1.26179166678369
"EPS8L2",1.26168003664189
"ZNF791",1.26148276878795
"ARMC2",1.26124098890455
"PPM1N",1.26103796481137
"CELSR1",1.26074267209707
"HNRNPH1",1.26043572732405
"ABI2",1.25941124673413
"PRR15",1.25940963472723
"B9D2",1.25883231942089
"BCO2",1.25863108937426
"SUSD2",1.25811996174221
"B3GALT4",1.25783359394115
"KAZN",1.25721388542731
"HOPX",1.25708484671532
"CDC42EP3",1.25613866595767
"SCAI",1.25611600671951
"ZKSCAN1",1.25597459633089
"AGL",1.25565775416697
"SEC14L3",1.25563945647717
"PTPN9",1.25550732409161
"PROM1",1.25520489829313
"CMTR2",1.25426013579926
"TTC14",1.25392152531458
"ITGA3",1.25378764856458
"KIAA1211L",1.25377219876462
"MYRF",1.25376623942928
"PTGDS",1.25339708215646
"SERTAD4-AS1",1.25336835200076
"CTSE",1.25227782742621
"SERPINA1",1.25189448570212
"HIPK1",1.2516991450383
"IFT43",1.25115521154736
"BCAS3",1.25107069837222
"KIAA1324",1.24999813371828
"LIPH",1.24991041023202
"CHI3L2",1.24983455939749
"SFTA2",1.24972383883439
"FBXW11",1.24929544866248
"COPRS",1.24898976241226
"FLNA",1.24855039595878
"MAFF",1.2479405726182
"DAW1",1.24784490873984
"GRAMD2",1.24724632961937
"NEDD9",1.24471406499952
"MYCBP",1.24440890216435
"LRRC34",1.24348750986453
"TP73",1.24292975770995
"NMB",1.24237528837785
"SQLE",1.24233567637996
"SSFA2",1.24170080985563
"USP13",1.24160547075786
"KCNE1",1.24143627368486
"PARP14",1.24126786488552
"CEP83",1.24113633233771
"COL12A1",1.24075610891667
"PLEKHJ1",1.2407219869512
"C14orf79",1.24069937027562
"COTL1",1.24001816479064
"CPM",1.23964049451928
"PRTG",1.23824803324746
"CBX7",1.237855664875
"GLB1L",1.23783610813332
"CTD-2015H6.3",1.23763525278915
"CFLAR",1.23757945395524
"TNRC6B",1.23716561294106
"WDR35",1.2368705108013
"LANCL1-AS1",1.23629465034167
"SLC35F5",1.23570144817695
"ESRP2",1.23558789037175
"GOLGA8B",1.23552269068223
"OXR1",1.2353933237056
"LINC00261",1.23475585259336
"IFT81",1.23469255769627
"NFE2L1",1.23465114088433
"PCSK7",1.2340424021688
"CLPX",1.23272407500948
"C1S",1.23264295569997
"FBXO15",1.23261122115863
"L3MBTL2",1.23242607593554
"BST2",1.23157358693922
"FUNDC1",1.23080021456992
"SLC34A2",1.23075726114871
"TMCO3",1.23054602588918
"RAD9A",1.23030524438028
"SLC29A1",1.22967852370706
"ESRRA",1.22925080268164
"SESN1",1.22849524051127
"EFHB",1.22756743814505
"CFAP77",1.22692579790623
"GAS2L2",1.22647854801937
"C5orf45",1.22528113745289
"HAGHL",1.22493671090841
"SCAF4",1.22298875509565
"UVSSA",1.22220631321695
"SCAMP4",1.22173736728589
"FCER1G",1.22102081928935
"TMEM131",1.22093665859024
"PITPNM3",1.22092761540889
"SOD1",1.22088441443781
"CDC42BPB",1.22048499434168
"SPRY4",1.22030513989754
"MAGEH1",1.21951438785649
"PHIP",1.21922448251242
"ELK3",1.2186343880299
"PITPNM1",1.21792813993497
"PERP",1.21628518220581
"ARAP2",1.21607459946496
"TMEM56",1.21545874636459
"EDN1",1.21540418516907
"QRICH1",1.2150760358473
"COBL",1.21492494522383
"IQGAP2",1.2148495884701
"SCD5",1.21445266582718
"WDR93",1.2144288150955
"FAM134B",1.21431951300826
"CD74",1.21387759764227
"RBM38",1.21381430337283
"CFAP206",1.2131823758568
"AMOTL1",1.21296048243927
"C6orf132",1.21279309024598
"DNAJC16",1.21253772514352
"CRELD1",1.21238529583292
"PPOX",1.21204529917523
"MFSD6",1.21196803294259
"LINC00467",1.21165321448462
"ABCA8",1.21160926760364
"CIAPIN1",1.21154743295283
"WDR73",1.21112035497706
"RHOBTB3",1.21046087335249
"CBWD2",1.2102007630007
"TFDP2",1.20883927036321
"F11R",1.20859462334925
"MAPRE3",1.20826226946696
"HSPA1A",1.2073719390047
"GTF2A1",1.20709599156815
"COL4A4",1.20705264101744
"SEMA5A",1.20647211110793
"TPM4",1.20639098127779
"AC007405.4",1.20634848064054
"SYNGAP1",1.20610533416798
"SMIM8",1.20594226274919
"IFT46",1.20577077886235
"STOM",1.20573019671345
"NR4A1",1.20565782238885
"CCDC191",1.20499268356316
"UBE3D",1.20452561596215
"LY6E",1.20441870409937
"PTPRC",1.20387442475848
"DDR1",1.20373192352844
"HSP90AB1",1.20315127058504
"SEMA3C",1.20295263188321
"PRSS8",1.20294944466549
"LAMC2",1.20282973088668
"CES4A",1.20178512084291
"RBM6",1.20133523298545
"HSD17B6",1.20104419116715
"AEBP2",1.20054989094166
"RASAL2",1.20038139224329
"B3GNT7",1.20005138061758
"GFOD2",1.19993724045922
"ARNTL",1.19977394476897
"SYTL1",1.1997648152112
"C1orf158",1.19974677223786
"UBAC1",1.19953352081341
"C1orf167",1.19950753489461
"FOCAD",1.19950605489254
"HSPG2",1.19932625984469
"FAM104B",1.19925720812442
"SHROOM3",1.19920030805857
"PLXNB2",1.19875360719665
"TACO1",1.19854117849941
"FAIM",1.19809106617544
"HRCT1",1.19803045188809
"MT-ATP6",1.19727134764484
"AC079630.4",1.19675762823305
"HEATR5A",1.19646993608218
"SPARC",1.19633827302448
"PCLO",1.19629744555507
"KCNJ8",1.19620868080223
"SDC1",1.19619604883477
"ZADH2",1.19617050298189
"FAM13A",1.1961191949608
"APOA1",1.19571172925282
"UNC93B1",1.19432225445262
"PLS3",1.19420873207836
"TNFRSF19",1.19415145548178
"TTF1",1.19377145961879
"SENP7",1.1936524773386
"GLT8D1",1.19358735594899
"MDM1",1.19352404770669
"RND1",1.19315007463978
"CFAP36",1.19162417333578
"C12orf65",1.19146023541886
"RRP15",1.19125049083263
"RNPC3",1.19093861280878
"EGFL7",1.19090299659854
"LL22NC03-N95F10.1",1.1906887976051
"TMEM218",1.190683706626
"MRPL48",1.1903862084232
"DRC7",1.19033326809067
"C10orf54",1.18993788107962
"MT-ND6",1.18907684190865
"KDM5B",1.18899371414255
"AQP1",1.18851691760211
"AC074117.10",1.18742000173923
"LMTK2",1.18737820251519
"HNRNPF",1.1873377460404
"PRKRIP1",1.18656116823272
"CCDC40",1.18621254178371
"SMIM5",1.18608948264248
"MYEF2",1.18607970766926
"KLK10",1.18582053747587
"CD46",1.18564379696503
"PDE7A",1.18557184580052
"RSPH14",1.1850490141086
"RP11-635O16.2",1.18485977509232
"FRY",1.18457253955499
"PKD2",1.18421895344761
"GAPVD1",1.18402914798005
"FOXJ3",1.1836587569413
"LRRC73",1.18347958932187
"H2AFX",1.18334828722115
"ADPRHL2",1.18314388853483
"TMSB10",1.18283003859235
"PDE4DIP",1.18270496508944
"RAPGEF1",1.182644245737
"GTF2H3",1.18252563671155
"ZBED5-AS1",1.18237633924492
"C12orf76",1.1823268946835
"PLEKHH2",1.182102106376
"NWD1",1.18179286909506
"PAPD4",1.18176903336923
"CDK7",1.18113133477663
"ZNRF3",1.18048883729882
"PIGU",1.18044692578901
"SPPL2B",1.18044540660623
"PDK4",1.1800710719512
"MAP6",1.17994570990223
"TEAD1",1.17991281979134
"VNN3",1.17988954014862
"CSNK1G2",1.17987414158633
"CDKL5",1.17964595024696
"ZNF688",1.17947181740017
"MLLT4",1.17899249476322
"WLS",1.17869568486802
"LRRC74B",1.17835037471859
"SMIM1",1.17825860860371
"CFTR",1.17821269359862
"TTC21B",1.1780804955835
"HMGCS1",1.17801624060124
"SNHG10",1.17798876281416
"MCCC1",1.17789627784879
"DSP",1.17789174727496
"IKBKB",1.17769745340416
"EML2",1.17727787470178
"TJP3",1.17705360221704
"TTLL5",1.1768478610621
"TMOD3",1.17683984026577
"CGN",1.17642224807082
"ZNF503",1.17618180901533
"UCP2",1.17617981353579
"SMKR1",1.17586300564101
"THAP6",1.1758602827063
"KPNA3",1.17576578923486
"CAMSAP2",1.17556812767386
"ACSM3",1.17523216168009
"CROCC2",1.17520045718584
"FAM83H-AS1",1.17477747806364
"A1BG",1.17476925116729
"CDH26",1.17451410203538
"ANAPC4",1.17445267230855
"FCHO2",1.17443911808963
"SOWAHC",1.17370648869308
"AC007325.4",1.1735445325938
"OSBPL2",1.17350588728006
"SLC22A23",1.17303571694524
"CEP41",1.17302272336818
"TRMT10C",1.17297798185828
"RP11-490M8.1",1.17294560121201
"RP11-452F19.3",1.17204999241288
"BMP1",1.17191473509067
"CA12",1.17189327939849
"C1orf132",1.17171060342008
"PXDC1",1.17157654686829
"IER2",1.17153423219168
"ANKRD11",1.17141104257834
"MTR",1.17133937013384
"USP51",1.17131270410947
"KIAA0556",1.17098827804581
"CCL4",1.17091143923878
"FAM179B",1.17064134974637
"MARCH9",1.17052637730789
"SLAIN2",1.17032859295898
"TRMT11",1.17002688096041
"FNBP1",1.16931763305178
"SPIRE1",1.16878303291317
"SEC23IP",1.16876749939114
"PSMG1",1.16858079804743
"LIMD1",1.16835220816394
"IRF9",1.16829511347342
"HSD17B11",1.16827792331921
"SUPT7L",1.16809721000274
"PDGFA",1.16788558309326
"RGS16",1.16757623449265
"UTRN",1.16734343828075
"DMD",1.16692674596785
"ATOH8",1.16689480923609
"GGA1",1.16663268654858
"RCOR3",1.16660480643591
"ST3GAL6",1.16657215527212
"RBMS3",1.16617545446565
"HYAL1",1.16608005965631
"PCK2",1.16568429822183
"NUDT3",1.16497896456313
"FLRT3",1.16497199425149
"CLDN4",1.16479792786816
"STOX2",1.16478555187675
"TTC26",1.16475598090268
"AZIN1",1.1643549179545
"RPP25",1.16434161334532
"SH2B1",1.16422609103818
"EP400NL",1.16421941367058
"HIST1H2BD",1.16345280316353
"CIR1",1.16333372386422
"PDE4C",1.16307546064665
"TMEM92",1.16271650667591
"AGO1",1.16264458900007
"RP11-138A9.2",1.1624083711613
"STAM2",1.16224613074454
"LUC7L3",1.16222922612524
"PEX14",1.16182805299802
"HTRA1",1.16131813298586
"ZNF609",1.1611846612994
"WDR27",1.16082493865228
"SHISA2",1.16069579031205
"GAS8",1.16067920525198
"MED17",1.16064503605665
"TIA1",1.16060577484748
"PIGK",1.15992633525673
"WRAP53",1.15983768347301
"PCIF1",1.15940258341188
"YIF1B",1.15936554295839
"PTPRU",1.15892156694589
"ZNF552",1.15891633891825
"TP53BP1",1.15879345586283
"TMEM154",1.15834925890055
"PLLP",1.15821197333554
"DDX52",1.15814115714627
"GNA11",1.15806287126515
"SLFN5",1.15788364528098
"ADRB2",1.15765798851928
"HNF1B",1.15746904178376
"PPP4R3B",1.15706924866053
"TOPORS-AS1",1.15644778525962
"AC113189.5",1.15643654568162
"TCTN2",1.15643582581906
"PIGQ",1.15636230706017
"LGALS1",1.15632056722531
"LRP11",1.15627209289229
"COASY",1.15609735977914
"GBP1",1.15584083760422
"S100PBP",1.15583698786526
"FAH",1.15576717947442
"PAIP2B",1.15572737887932
"AKR1C3",1.15543971209074
"KIAA1841",1.15543667501092
"MYO9A",1.15473897301089
"GALK2",1.15460688040106
"EFEMP1",1.154209714771
"ANO6",1.15415171627267
"ZNF397",1.15389177995078
"SEPT1",1.15354286896898
"PSIP1",1.15344789951851
"RP11-867G23.8",1.15339816433919
"FGFR1OP",1.15327377366345
"VWA9",1.15324256222782
"AGRN",1.15292477101632
"TMEM150A",1.1528727422559
"PLIN5",1.15286107791309
"FAM47E",1.15223934113356
"SMAD7",1.15209352168487
"TLCD2",1.15193647973475
"CYP4X1",1.15187007808624
"ARHGAP44",1.15171344959193
"RP3-395M20.8",1.15127133579389
"ZNF331",1.15119973190054
"TBC1D14",1.15060426393421
"PAPSS1",1.1505926907811
"GOLPH3L",1.15042339421227
"HPCAL1",1.15024237813728
"APBB1",1.14993624043415
"UNC13D",1.14992890315971
"CYB561",1.14976242190935
"TP53TG1",1.14971254426146
"UCK1",1.14952474748
"CABLES1",1.14938649651693
"EIF3J-AS1",1.14912798815072
"SLC12A6",1.14897725322453
"ACOXL",1.14894933794692
"CHCHD6",1.14876036010651
"CTC-444N24.11",1.1485807226298
"ADGRD1",1.14841588412624
"INPPL1",1.14828859173499
"TTC37",1.14785290486056
"RAB11FIP2",1.14782818016551
"JUNB",1.14775618489155
"QKI",1.14743401877377
"ATXN1",1.14737572162565
"PPP5C",1.14734953304711
"LANCL1",1.14724587776692
"CLSTN1",1.14719021857015
"TMEM8A",1.14717009035351
"KBTBD7",1.14680914038675
"ABHD3",1.14671996675736
"TTC8",1.14637184729522
"STARD7",1.14620815010553
"SNX13",1.14604960890261
"WDPCP",1.14579855220104
"LRRC27",1.14563068480712
"VPS13C",1.14559891497089
"SNRNP35",1.14540126415142
"IL1B",1.14517255655767
"NUDT4",1.14456413318478
"SOCS2",1.14428079189001
"CD38",1.14421399415255
"PLCE1",1.1441474565138
"SSBP2",1.14406706184257
"CEP162",1.14392921197411
"NOM1",1.14382886700746
"RHPN1",1.14382106615081
"EPCAM",1.14379507609714
"CYBRD1",1.14369380992918
"MAML2",1.14354505644786
"ERCC1",1.143146270469
"PRKCZ",1.14301749523874
"NCALD",1.14294381953492
"TULP3",1.14284878826937
"PILRA",1.14272349019511
"KDM1B",1.14271976711198
"MIPEP",1.14264952519407
"CFAP20",1.14245560082816
"THUMPD2",1.14221666988618
"C22orf29",1.14220912478713
"HMGN5",1.14207109435512
"ISG15",1.14197473603015
"SHPRH",1.14192211530122
"ATF1",1.14176050360102
"PLA2G4F",1.14174505458519
"CORO1A",1.14168754848386
"RFTN1",1.14117647678617
"TCF4",1.14105788322629
"NAV2",1.14097839729942
"BRD8",1.14093908939641
"MAP9",1.14080562145926
"EPN2",1.1404473401659
"TNS1",1.14035574374596
"B3GNT2",1.14031261352506
"C20orf194",1.14019149232487
"KLHL8",1.14005982612851
"CCDC43",1.14003765455514
"PANK2",1.13994115115228
"ATAD3A",1.13993163478029
"CPD",1.13985316898471
"PPP1R10",1.13972437428393
"HMOX1",1.13968848006805
"PTPRG",1.13938355496573
"HMHA1",1.13929337949612
"LRIG1",1.13917840577289
"UVRAG",1.13910188679305
"GBF1",1.13906364550291
"PHACTR2",1.13906146057659
"SBNO1",1.13905449470335
"FAM127B",1.13905250203121
"MDFIC",1.13898427375137
"PITPNA",1.1384510388544
"MORF4L2",1.13836384831644
"CBLB",1.13786403427339
"WDFY2",1.13786264669133
"N4BP2L2",1.13771700324769
"REV3L",1.13763457907112
"MYO1B",1.13744124526746
"BRAF",1.1372513847534
"ABT1",1.13712837970994
"LGI3",1.13610115770923
"ZCCHC11",1.13599398413148
"CHST12",1.13579006482141
"GALNT5",1.13552281404507
"MYLIP",1.13551119752364
"NHSL1",1.1354556608139
"TNFAIP2",1.13530338117236
"PHKG1",1.13498669287091
"TYROBP",1.13497675962241
"EFNA1",1.13471046947922
"SFI1",1.1345908983324
"CDC42BPA",1.13456553543318
"PLXNA1",1.13450653019375
"RAB31",1.13431042722012
"JOSD2",1.13423593598377
"CEP120",1.13421096040816
"IL20RA",1.13410752905583
"MARC2",1.13398514883411
"TMEM209",1.13394273515812
"GGA2",1.13391155178192
"HMGB2",1.13389150213526
"BCL2L2",1.13345892734206
"ABCA13",1.13332405515398
"SPON2",1.13326479979713
"KIF2A",1.13298489373942
"SCNN1B",1.1327717117036
"GTF2IRD2",1.13257430625948
"DNAH3",1.13249907266358
"APOL1",1.13249538364915
"ENKD1",1.13239317703221
"KIF3A",1.1323809406077
"MPC2",1.13212744984022
"MOB1B",1.13204539285714
"CAPN3",1.13177497234034
"HKR1",1.13140963199314
"ODC1",1.13134017779874
"NFIB",1.13132566227317
"ARID2",1.13120759362814
"ZFP90",1.13119301656276
"EMB",1.13081423014272
"SLC7A6",1.13075882695733
"MRPL41",1.13075447766229
"CMB9-22P13.1",1.1307529375775
"ITPR3",1.13073921209925
"C11orf57",1.13052725869184
"PRRC2B",1.13015276553525
"RIC8A",1.12964529243204
"TMF1",1.12934772388738
"C2orf68",1.12925807137924
"CSTA",1.12901046542193
"CYFIP2",1.12886540450644
"RASEF",1.128673498663
"TNIK",1.12826995582084
"STX2",1.12821050916937
"CEP78",1.12818793271068
"MAGED1",1.12815734722791
"DNER",1.12809811416043
"CCHCR1",1.12807595980166
"DPY19L3",1.12796209220719
"HOMER1",1.12776756897916
"CNIH4",1.12772474022924
"WDTC1",1.12762640397043
"DMTF1",1.12739046609696
"B3GNT8",1.12718986892904
"CD151",1.12714439062168
"RRAS",1.12710005437119
"SF1",1.12692659806287
"CDKN1A",1.12692352307435
"PSMD5-AS1",1.12674039909584
"GMNN",1.12667692608274
"KLF4",1.12654044393931
"NHLRC4",1.12638201964155
"ZDHHC1",1.1263646956841
"ATAD3B",1.12610170438712
"MEF2D",1.12605788250504
"MRC2",1.12576579757788
"GAREM1",1.12571640656325
"ENO4",1.1255093383131
"PFKFB3",1.12543912138811
"KIF13A",1.12530503675639
"EXPH5",1.12526378132231
"NFE2L2",1.12482561370361
"RALGAPA1",1.12459381670079
"ATP2A3",1.12456343657163
"WBP5",1.12453691303239
"PGM1",1.12418713036736
"SFXN3",1.12409033887631
"NCK2",1.12406321487763
"CCDC66",1.1239719529892
"CELF2",1.1238423584565
"COQ10A",1.12346461171207
"USP44",1.12329900951362
"RPS6KA1",1.12323077157992
"MON1B",1.12313119204078
"GMDS",1.12292571775273
"AGO4",1.12277121252038
"DPH6",1.12276830947468
"VPS13A",1.12264723857467
"PEAK1",1.12258828051091
"ERLIN2",1.1225201713468
"CASP6",1.12249725601482
"IFT122",1.12243266984188
"UGCG",1.12241129623023
"GGTLC1",1.12238324450857
"ARMC8",1.12198555815018
"TRIM37",1.12142386651892
"MIR4458HG",1.12127216146204
"MAGI1",1.12109470609769
"EIF2B1",1.1209736952733
"RBM28",1.1209269125719
"CEP97",1.12071072556841
"C5orf15",1.12064260283759
"AQR",1.12047227696562
"OCLN",1.12044533981071
"CCL3",1.12042739977599
"SCTR",1.12032063772576
"FAM206A",1.12023702541267
"PTPN21",1.12021774858044
"METTL15",1.12011467565128
"BAIAP2-AS1",1.1199764583765
"SRGAP2B",1.11931214902679
"TTBK2",1.11926448620502
"ZNF493",1.11912031727681
"SLC35B3",1.11897830768723
"TNRC6C",1.11848797739998
"SLC25A28",1.1181711337544
"CTD-2270L9.4",1.11803842671467
"CUL1",1.11800274120675
"DPP4",1.11788627562632
"C11orf49",1.1178281302193
"SH3YL1",1.11766933192387
"FREM2",1.11757439230009
"ATE1",1.11751298865041
"C15orf57",1.11737070291187
"INTS6",1.11729604486352
"PWWP2B",1.1171537698874
"ARMC6",1.11715296807699
"MAP3K1",1.11706645588535
"GPC4",1.11700501178561
"OMA1",1.11652145667379
"MGAT3",1.11648473675281
"SULT1A2",1.11643342849577
"VMO1",1.11636384660999
"DUSP2",1.11630184824953
"MXRA7",1.11625504559991
"ENPP5",1.11623847235007
"UNC13B",1.11622340004651
"VPS8",1.11604817154961
"ST5",1.11590894987132
"SIRT5",1.11574110393902
"ENPP4",1.11571669665331
"LSP1",1.11537607201286
"TARBP1",1.11510450467176
"CD37",1.114790559149
"SLCO4C1",1.11477950108958
"PLEKHA1",1.11476215652845
"JADE1",1.11473057021596
"TIMP1",1.11461047772577
"USP10",1.11453569499187
"DUSP4",1.11421962025974
"GADD45G",1.11411155330581
"ARHGAP21",1.11386584978376
"ELMOD3",1.11379883346698
"UBE2E2",1.11379258564548
"RXRB",1.11371790615005
"KATNB1",1.11359881554171
"ULK2",1.11355895209772
"ZNF33B",1.11351090751436
"PIP4K2B",1.11301495026064
"SF3B2",1.11298585053932
"MAPK10",1.11298026479816
"DEGS1",1.11294727777272
"CASC2",1.11289767056639
"GTF3C3",1.11279597111594
"SPTAN1",1.11239970608029
"SLC43A2",1.11238656074107
"SRP68",1.11233416051767
"PPIL2",1.11232929967103
"ZNF302",1.1121353678225
"C10orf67",1.11212708938436
"ITGA6",1.11200857310482
"MIB1",1.11196286317499
"PXMP2",1.11190467882934
"CASC4",1.11167001841992
"ESYT2",1.11160829435425
"FIP1L1",1.11159709444307
"MT1F",1.11158069775158
"FAM120B",1.11154713058587
"PDLIM2",1.11137750743785
"KTN1",1.11123454784367
"FAM98B",1.11108537095362
"BANK1",1.11081907665662
"RP5-1159O4.1",1.11080693616538
"CARF",1.11078269925036
"FAM84B",1.11066152472698
"DNAL4",1.11059606684981
"CCDC60",1.11054815839099
"KMT5A",1.11038947048747
"RP11-386I14.4",1.1103715598196
"REST",1.1103153998019
"MED25",1.11014253346103
"PPP1R1B",1.11010792873501
"C9orf72",1.11003165161416
"FERMT2",1.11002497781392
"TPPP",1.10986614112845
"USP12",1.10980358995013
"KIAA1683",1.10979746810141
"NRGN",1.10972239731489
"POLR1C",1.10958542491713
"SDHAF3",1.1094925301781
"ZDHHC11",1.10944194557631
"MCM3AP",1.10849155033877
"SLC12A7",1.1083100147839
"CTD-2186M15.3",1.10823096773271
"NDRG1",1.10804229569905
"ABHD11",1.10788381678225
"TXNIP",1.10780652711689
"RP11-160E2.6",1.10773228681716
"KHSRP",1.10759658621683
"RBPMS-AS1",1.10754464338148
"WDR45B",1.10749470283111
"SF3B3",1.10747179807042
"EGR1",1.10746574864184
"HDAC5",1.1074520073333
"ZBED5",1.10732083545805
"ACTR10",1.10728550599415
"CD48",1.10718317149303
"POLI",1.10709870557947
"METTL16",1.10702465415122
"PRR4",1.106967921981
"PKN2",1.10689758879048
"RP1-313I6.12",1.10685068151185
"EPDR1",1.10680849792849
"ASCC3",1.10673201336511
"LINC00909",1.10671078475332
"WDR90",1.10662179223343
"TSPAN17",1.10645609478453
"RAC2",1.10636358353819
"PECR",1.10614407906897
"PNMA1",1.10609952482512
"MFSD2A",1.10600874844285
"SEC24B",1.10592103019943
"SCFD1",1.10588239369192
"TCTA",1.10568146576207
"PPP4R1",1.10557371799388
"STAT1",1.10528267509144
"LRRC36",1.10526355009358
"GCAT",1.10521080836039
"RP11-553L6.5",1.10508806289442
"EPN1",1.1049746581886
"ZNF512",1.10495779157428
"PTER",1.10495287238398
"DNAJB4",1.10443235949303
"ITFG2",1.10435308148841
"CCDC112",1.10425434049251
"NUP214",1.10419832310066
"CCND2",1.10413341007993
"ACOT8",1.10406316951048
"PRKCE",1.1039975075319
"MGEA5",1.10386244766855
"SAMD9L",1.10369183545077
"GADD45GIP1",1.10359052503397
"TFDP1",1.10354808966526
"PXN",1.10354092715348
"PRSS16",1.1034013530883
"SPATS2L",1.10332177178582
"RASSF6",1.10328798271318
"PHGDH",1.10327926450334
"LRRC45",1.1032593289758
"UPP1",1.10315103240948
"CYB5A",1.10314441101909
"SMURF2",1.10285041325379
"GALNT10",1.10271544178175
"SLC16A5",1.10269403613321
"N4BP1",1.10254278144326
"C4orf48",1.1023455878438
"MMP15",1.1020353212128
"CFAP58",1.10195545161589
"FAM46A",1.10194910127565
"NCAPH2",1.10194336940414
"AKAP10",1.10185642179762
"ASAP2",1.10177805981837
"LONP1",1.10171865729288
"C10orf95",1.10171694907936
"ABHD17C",1.10165264767832
"CSF3R",1.10162720137394
"PRKD2",1.10156999857889
"HSPA1B",1.10153254843335
"DPY19L4",1.1015029975453
"LRRC4",1.10131680021417
"NEDD4L",1.10128249067683
"PPL",1.10113893887684
"SPRY1",1.1010132578565
"CCDC24",1.10087469524984
"SLC46A2",1.10084043502702
"ECI2",1.1007857107414
"PCBD2",1.10076062473024
"SPIDR",1.1007276233775
"ZNF83",1.10069064453237
"USP8",1.10064480594404
"MCTP2",1.10058567457784
"TMPRSS3",1.10049284741334
"ACTL6A",1.10033207519249
"ING3",1.10015154664549
"NFX1",1.10009367182519
"CTD-2589M5.4",1.09997706884502
"CTD-2396E7.11",1.09994245988907
"NOB1",1.0998892478611
"AC009403.2",1.09980131196999
"TRAPPC2",1.09952088621649
"NAT1",1.09950680140962
"C15orf65",1.09949860399674
"CLHC1",1.09934146193584
"ZCCHC9",1.09922828125312
"HAGLR",1.09919054253874
"VPS11",1.09917661810927
"NPHP3",1.09907854855736
"ISY1",1.09904584358752
"CBX6",1.098712218586
"PDPN",1.09867987412664
"COG4",1.09854169907791
"CD59",1.09841385505647
"AGPAT5",1.09832931049158
"CFAP97",1.09827764238031
"MED8",1.09823479943335
"C10orf11",1.09819793327111
"WDR83",1.0980410607358
"TMSB4X",1.09792744649827
"PDZD2",1.09792139682796
"CD69",1.09782432008202
"PALLD",1.09755377860735
"CCDC141",1.09754120016682
"SUGT1",1.09747263956693
"TMEM43",1.09734802051485
"DHX40",1.09733880915348
"FAM221A",1.09731205795578
"VPS4B",1.09694898641063
"CFH",1.09691491788116
"SYNE1",1.09691172616029
"N4BP2L1",1.09690921613294
"TRAK1",1.09676703697229
"NASP",1.09669263996766
"CDC25B",1.09661459304881
"IRX5",1.09654387099868
"GOLM1",1.0964183896599
"RAB3IP",1.09633234833765
"ZRSR2",1.09628471484413
"STK38",1.09623432343941
"GID8",1.09622950376063
"GALNT11",1.09603169502455
"FAR1",1.09588889966326
"HHIP-AS1",1.095820930826
"MRI1",1.09567999166699
"IGF2R",1.09556416759233
"MSL3",1.09543249423092
"FAM8A1",1.09539475019715
"TNFRSF14",1.09534527634057
"SETX",1.09533262242968
"RNF26",1.09522075548377
"WAC-AS1",1.09505671277724
"FBXL2",1.09504675862956
"DPF2",1.09501654131637
"ASF1A",1.09491477411514
"IDS",1.09487603929272
"MRE11A",1.09473418784727
"TMEM144",1.09469148332754
"SPATS2",1.09464377581602
"KDM7A",1.09460746528584
"TMEM127",1.09456555451587
"EVA1C",1.09451995771479
"ATP5EP2",1.09430924262741
"FKBP9",1.09419437382359
"ZMAT3",1.09416869124208
"PLA2G1B",1.09415794517529
"IGKC",1.09407144087901
"H2AFY2",1.09401091763988
"DTWD1",1.09400239406802
"GLS",1.09384354011925
"COQ4",1.0936446399664
"DBP",1.09340372583367
"PTK7",1.09340185734834
"ARHGEF7",1.09335426136447
"SOX6",1.09312031441878
"SPG11",1.09296534474507
"PRKCDBP",1.09277152679961
"KIAA1324L",1.09275440259132
"SVBP",1.09267116478656
"KANSL1L",1.09257854832972
"VPS54",1.09252566929436
"TNFAIP3",1.092469259363
"IFNAR1",1.09240098392221
"B4GALT1",1.09206987257817
"TPRG1L",1.09185179496902
"DNAJC3-AS1",1.0918146696802
"SF3A2",1.09181103297175
"ERP27",1.09178832492457
"SLC19A1",1.09164933092426
"TRIT1",1.09160697953673
"STEAP4",1.09150894547146
"ACSF2",1.09144209026162
"DICER1-AS1",1.09137464710528
"WWP2",1.09135958831942
"UBP1",1.09129787133849
"OTUD7B",1.09124230345108
"LETMD1",1.09122333963832
"CPSF6",1.09113401388589
"MAN1A1",1.09088634844094
"ZSCAN18",1.09070302091081
"ALS2CR12",1.09068775071673
"SIRT3",1.09068389023154
"FBXO21",1.09067054900547
"ITGB4",1.09048384888499
"VPS4A",1.09039989619056
"ACSL4",1.09028854947087
"FUBP3",1.0902440524252
"TMEM123",1.09023728257687
"ZNF426",1.09011198864338
"TMEM199",1.0899663251503
"EVPL",1.08995470585946
"FAM105A",1.08993962267412
"PTRH1",1.08992080423406
"TUBGCP2",1.08980187885728
"KIAA1033",1.08969905415328
"RABL6",1.08966278379214
"TJP2",1.08962238779369
"POGZ",1.08958395795945
"VAC14",1.0894172770646
"FILIP1",1.08938003462865
"ZNF385A",1.08924562185165
"LMLN",1.08917066261901
"ST6GALNAC4",1.08901723667789
"MAVS",1.08896615890345
"APOO",1.08893453029724
"FAM160A2",1.08869648781436
"ANXA11",1.08869157144363
"SLC25A14",1.08856991830526
"CNTROB",1.08850719588323
"WDR18",1.08847574397206
"MICALCL",1.08825289140431
"SLCO3A1",1.08813416044299
"ARL16",1.08803854900207
"SCAF8",1.08798337794894
"LIMD2",1.08788399598332
"AC090616.2",1.08787943499079
"YES1",1.0877998621479
"PGPEP1",1.08771084044016
"CTCF",1.08765127947823
"MINCR",1.08764280625994
"SIX1",1.08748751340978
"MSMO1",1.08742261346331
"CENPB",1.08712160212878
"RUNDC1",1.08711152650012
"CBX1",1.08703959636863
"JDP2",1.0869531131809
"IRF7",1.08676031439303
"CMIP",1.08671557912422
"PCSK5",1.08656695965417
"SLC1A1",1.08642871596435
"PPP6C",1.08640506680035
"CPAMD8",1.08636589578783
"PBX1",1.08629844069237
"MARCH6",1.08594573469452
"TPT1-AS1",1.08581092096247
"SGCE",1.08575725422351
"MRPL49",1.0856688204782
"CARD16",1.08564624616349
"RALGPS2",1.08558417494392
"WIF1",1.08553993816241
"C17orf58",1.08553588029357
"MMP14",1.08551362418565
"GTF3C2",1.08546714911006
"EPS15L1",1.08536390811388
"RGL1",1.08500578999849
"NAF1",1.08473934925271
"ANKRD54",1.08467939956404
"C2orf76",1.08463305694759
"ORAI2",1.08453587266082
"TMEM254",1.08452800565292
"ANAPC5",1.08450994267208
"CEP70",1.08445093932031
"SCAF11",1.08440991532389
"NREP",1.0842577471397
"PRKAG1",1.0842244951374
"KCTD14",1.08418125044428
"HBB",1.08417991120669
"SMARCAD1",1.08416091172516
"TAB3",1.08400801755552
"PKD1",1.08391969579893
"FGD4",1.08388147881931
"POLR2M",1.08382938719028
"DIAPH2",1.08376176877748
"ATRX",1.08371704025533
"SRGN",1.08362409497172
"RP11-395A13.2",1.08362168308729
"ZNF330",1.08343493358533
"AGFG1",1.08337936585369
"TPP2",1.08334355215533
"NOP14",1.08334145303861
"POLR2J3",1.08326929896493
"C1orf162",1.08310663626537
"EPHX2",1.08282841636162
"SPEN",1.08271647380936
"SHC1",1.08256009960741
"PLEKHA5",1.08255834704587
"ICAM4",1.08255411939913
"DSG2",1.08254533853749
"CNOT2",1.08230890508094
"SNX4",1.08215585100769
"NXN",1.08214825545242
"LCORL",1.08194931380899
"FAM135A",1.08193709650335
"TMEM45B",1.08175380952214
"IRAK1BP1",1.08171997304508
"PPFIBP1",1.08166895451985
"ZER1",1.08164611464397
"D2HGDH",1.08144405344165
"SPICE1",1.081381179287
"CRACR2B",1.08132700922459
"NAA35",1.08112344442443
"LTBR",1.08111482504561
"HMGCR",1.08098650701077
"SERPINH1",1.08091899941922
"RASSF8",1.08087102147582
"CDC37L1",1.08086091765031
"RPP38",1.08079662495833
"C14orf159",1.08068092445017
"ALG1",1.08052666648756
"ANKRD10",1.08046962859469
"SNX21",1.08045906943034
"RNF43",1.08044437755434
"FADS3",1.08033795112974
"MREG",1.08026402895042
"CHST6",1.07992034071643
"ST14",1.07991022378535
"PEX1",1.07975686778398
"SLC25A29",1.07966619995663
"CAMK2G",1.07966314154473
"SAFB",1.07963603002666
"ESYT3",1.0796326232683
"MDM4",1.07961645486956
"C5orf63",1.07960911729387
"C16orf46",1.07938909695785
"TRMT13",1.07937567733333
"CAPN2",1.07935951823342
"ELL2",1.07927353185883
"GRAMD1C",1.07920738730831
"CIPC",1.07906316935484
"ANP32E",1.07905356854116
"HACD1",1.07901998457786
"C1orf27",1.07889312272955
"ANKRD36",1.07878744380649
"ABO",1.07876559515461
"ZBTB18",1.07874337741694
"C1orf106",1.07857966446242
"FYTTD1",1.07846979399776
"ECSIT",1.0784067091737
"CTDSP1",1.07827482699524
"ZNF518A",1.07815017626049
"TOP2B",1.07812300970255
"UBE3C",1.07807602712259
"RMDN2",1.07806790667258
"LIFR",1.07799115123325
"DHX57",1.07797741088486
"ZNF7",1.07775626434608
"CNKSR1",1.07762117088323
"RNF144B",1.07761746747579
"SLC35A2",1.07760563493805
"SLC27A3",1.0774906383154
"SLC25A25",1.07745324075027
"TBC1D2",1.0774067489825
"C9orf114",1.07736256544788
"KIF1C",1.07724973506664
"ADIPOR2",1.0772432339529
"AP3D1",1.07714332895494
"POM121",1.07713246617094
"ARHGEF37",1.07700562857361
"GDAP2",1.07694419387292
"EXOC4",1.07692592508663
"MLXIP",1.07689631693812
"POU2F1",1.07683219182129
"TAF8",1.07681074317586
"NFKBIA",1.07670069588043
"HIST1H2AC",1.07668302184473
"THNSL2",1.07666293213748
"PCNX",1.07666102325387
"AC002117.1",1.07665000497312
"RIN2",1.07660299591907
"MAGIX",1.0764698736953
"ZNF830",1.076422775756
"MTM1",1.07641202202344
"OPTN",1.07630329226073
"C1orf228",1.07629024543896
"GSR",1.07625645779441
"TFE3",1.07625193991999
"CRTC3",1.07611326506616
"ZNF281",1.07595140289321
"USF3",1.07590032003368
"MOAP1",1.07586380191097
"C16orf58",1.07557232174921
"GTF2H1",1.07555529105971
"GPATCH8",1.07544249624777
"HDAC10",1.07521125079297
"MTX1",1.07503927465616
"BIN3",1.07495928318975
"NUP133",1.07494118831527
"MID1",1.07492433632717
"ZNF581",1.07487297045104
"CDADC1",1.07484377368195
"HTT",1.07473136691959
"WDR41",1.07450397337389
"FBXW7",1.07446522761363
"C5",1.07435970132977
"DGKD",1.07433136179878
"KIAA0232",1.07427885393111
"ARID3A",1.07425957351906
"MCAT",1.07412409397839
"ZNF268",1.07403554826159
"KLHL20",1.07398004047896
"CCM2",1.0739611732405
"GDI1",1.07393831202248
"KNOP1",1.07393487813857
"BIVM",1.07384623266727
"CINP",1.07382789847267
"SNX10",1.07376612560227
"ZNF544",1.07371720605934
"USP11",1.07368594046622
"TRAPPC8",1.07334272039659
"TAF1",1.07311740207787
"LYRM1",1.07306418265432
"FBLN5",1.07303526073002
"C4BPA",1.07301140436958
"COPS8",1.07287570629424
"UBXN2B",1.07285540866164
"TAF3",1.07282082310644
"AGPAT1",1.07277210555603
"TM7SF3",1.07273274765165
"CHD1",1.07271597683063
"RP11-218M22.1",1.07265760411155
"APC",1.07253374249008
"NKTR",1.07247586385085
"TP53BP2",1.07243753733959
"PSMD10",1.07239250299899
"TAPBP",1.07235791419953
"CSTF3",1.07231429678173
"GRPEL1",1.07225469890435
"XPA",1.07219430923667
"MAFG-AS1",1.07208858360842
"EXTL2",1.07194010468
"PPP3CC",1.07192349578686
"SHANK2",1.0718682394477
"SUGP2",1.07171625578938
"ALOX15B",1.07158622062688
"MAPK6",1.07157953997419
"FRMD4A",1.07144108337965
"WDR13",1.07137359881553
"LINC01612",1.07113042778403
"AFF3",1.07112635709164
"MRRF",1.07092862340708
"DCAF12",1.07092197657125
"PSMB9",1.0708786275029
"PTPRM",1.0708606327619
"SAMHD1",1.07072651586653
"DAPK1",1.07072144614052
"DNAJB6",1.0706926887242
"KLHDC10",1.07059576423347
"ALKBH5",1.07058679291075
"ZBTB42",1.07051550091758
"CD47",1.0704530211107
"TTLL3",1.07038937647108
"PRMT5",1.07024439538012
"DPYD",1.07018384941452
"PNPT1",1.06983538658561
"NSD1",1.06982479661821
"PARD6B",1.0695405792114
"SGTA",1.06947636111052
"LMBR1",1.06947102593497
"RNASEH2B",1.06921256398262
"SIDT2",1.06916109614997
"TMEM59",1.06901423496452
"TMEM68",1.06896118591615
"METTL2B",1.06890918608885
"IL6R",1.06890652366162
"F3",1.0687515739086
"TSC2",1.06874801559565
"RGS2",1.06874293463354
"SLC5A3",1.06856839256884
"SLC26A2",1.06856505156639
"GTF2H5",1.06845274415097
"PARP4",1.06834634890328
"ACCS",1.06782839858782
"MED31",1.06768934894796
"PSMD1",1.06742381772396
"UPF3B",1.06740678397219
"LRRC56",1.06740535980683
"SYNC",1.06740385562249
"STRBP",1.0673997559971
"METTL10",1.06739079414329
"ADSS",1.06731497243222
"FGFR1OP2",1.06725080203375
"DMTN",1.06720000356533
"ARHGEF2",1.06719528033365
"C1R",1.06718617930075
"CEP95",1.06697721945711
"NOC4L",1.06694447783925
"GTF2B",1.06687468829147
"ESF1",1.06686519122042
"ARL4C",1.06684788746805
"ACIN1",1.06678910858447
"KCTD20",1.06678214801089
"ORMDL1",1.06671841144579
"CWC27",1.06660194313579
"AKAP11",1.06659605332767
"NLRP1",1.066559630641
"CMTM4",1.06631156370388
"ABHD11-AS1",1.06630560691048
"MAOA",1.06614487665708
"XAF1",1.06606953553215
"FAM21C",1.06605804995347
"EVI5",1.06600489439243
"TMEM173",1.06595258550929
"ERRFI1",1.06585382542411
"MLH3",1.06575813313844
"NANS",1.06575156858086
"ZNF692",1.06572635854197
"TBC1D24",1.06560069513116
"DMKN",1.06541816846229
"FAM63B",1.06518044362819
"C7orf26",1.06508873959931
"GON4L",1.06506524259317
"GGT7",1.06482451236264
"ZMAT1",1.06478870337736
"BIRC6",1.06476670668954
"PCGF1",1.0647341356727
"MSRB1",1.06467799889073
"ANKRD46",1.06467356259427
"IRF6",1.06463973507984
"DMWD",1.06444667563408
"KDM5C",1.06429546640198
"SLTM",1.06427057731482
"NBN",1.06424295525333
"TEX261",1.06412448221976
"AVL9",1.06399743039126
"TRAPPC6B",1.06394317411373
"SPPL2A",1.06374899482414
"GPATCH2",1.06371847733082
"SMC4",1.0637049661756
"NDUFAF4",1.06368533268616
"TMEM261",1.06366780742936
"STX3",1.06361289280607
"RXRA",1.06350777480403
"SPRY2",1.0633855650658
"GINM1",1.06337018918823
"SPATA6",1.06336494737587
"ARHGEF9",1.06319954920105
"ATF6",1.06318198679237
"BOD1L1",1.06316332327036
"MAD1L1",1.06316285664691
"HIRIP3",1.06301037036053
"ING5",1.06299920190676
"GTF2I",1.06299247501671
"TTC39C",1.06277007248986
"BNIPL",1.06259525814434
"RNASE4",1.0625844251051
"GANC",1.06251580120131
"ZC3HAV1",1.06248404749321
"DTD1",1.06246324853549
"ODF2",1.06242828096832
"RAB3GAP2",1.0622760050119
"PTGR2",1.06221279722228
"CEP104",1.06217914231004
"RBM4",1.06185816722767
"ZC3H6",1.06178893142424
"TTC12",1.06176877531082
"UGDH",1.06175552551105
"ACSS1",1.06172128840585
"GRAMD4",1.06166122598309
"GPRIN2",1.06154772879902
"HACD3",1.06143704093355
"TMEM39A",1.06141984534254
"MACF1",1.06139055090918
"TMC4",1.06138264589606
"GPATCH2L",1.06137317345431
"SLC35A3",1.06109380531693
"COX19",1.06108381591892
"AMDHD2",1.06107393875467
"GLRX3",1.06102632368337
"GOLGB1",1.06100983795109
"UEVLD",1.06096600215463
"PIAS3",1.06095785962987
"FBXO38",1.06089154756432
"SIPA1L3",1.06085430522117
"DPY30",1.06079129110677
"ERC1",1.06077395077988
"CARS",1.06065936219473
"DNAAF5",1.06055373516456
"ENDOV",1.06050183237138
"TES",1.06043912298956
"SLC36A4",1.06036160636802
"HPS5",1.06011027977683
"RNF216",1.06006055098201
"COQ7",1.06003616953586
"ARSE",1.05997626073999
"COX18",1.05985949880092
"HNRNPM",1.05981525967292
"SPG20",1.05981193844258
"FMO5",1.05979616723287
"TRIM4",1.05970419377068
"GRK5",1.05968787684815
"CARKD",1.05967237889917
"PSEN1",1.0595159704717
"OCEL1",1.05950578949435
"ADGRL1",1.05945235180145
"CES2",1.05944565486047
"THUMPD3-AS1",1.05940463422058
"STAG1",1.05938997723558
"RNF34",1.05928354858703
"RIOK3",1.05907963611173
"CECR5",1.05906605144529
"GSAP",1.05903836948273
"UBL3",1.05889294829027
"AHI1",1.05875853846776
"PEX2",1.05859314578809
"SVIL",1.05847534367463
"TMEM19",1.0580437938777
"AGGF1",1.05796620168547
"CD82",1.05795747575603
"KIAA0586",1.05794674693946
"PPM1K",1.05776034787254
"CCDC186",1.0577550035736
"CMTM6",1.057745450806
"USP19",1.05772805223578
"ZNF362",1.05770831469858
"WDR19",1.05767306455976
"GUCY1A3",1.05758648915832
"CCBL2",1.05744772939527
"ABHD2",1.057348724444
"ANKRD40",1.05714312481665
"THAP5",1.05713305922256
"MYO1C",1.05712557238545
"WEE1",1.05699543967596
"DIXDC1",1.05698825821536
"SCAF1",1.0569574441555
"UBB",1.05687476362649
"MAPK1",1.05680214541237
"CACNB4",1.0567978225479
"SGPP1",1.05677609338195
"GIT2",1.05674925313853
"CHD9",1.05668570534467
"ZBED3",1.05665663217594
"SLC44A1",1.05660317344211
"VDAC3",1.0565017708607
"PTGES3",1.05649247977617
"KIAA1522",1.05636695261849
"BRAT1",1.05633186317801
"ATP8A2",1.05630794632405
"UBAC2",1.056189130271
"GLCCI1",1.05603979859684
"CKLF",1.05585065046419
"C21orf2",1.05578284980157
"FADS1",1.05576611497762
"ACADL",1.05562395683759
"ALDH3A2",1.0555963877372
"SLC35E2B",1.05558792922711
"FAF1",1.0554847116278
"TMEM234",1.05547100426564
"KIAA1456",1.05545870845721
"TGS1",1.05544629793215
"SWI5",1.05536163897876
"TBK1",1.05531483111503
"RRAGD",1.05517384249725
"ANKRD44",1.05506068739216
"AGA",1.05496524613537
"UBE2R2",1.05489254717918
"COPS7B",1.05484787328028
"NHLRC2",1.05483708744463
"ITPA",1.05472009100871
"NR4A2",1.05466983535741
"MAGED2",1.05448395271126
"GFM2",1.05440924555469
"UNKL",1.05434153747158
"TRIM56",1.05419484813272
"LARS",1.05416182770429
"ESCO1",1.05415501720208
"NNT-AS1",1.05404749081267
"P4HA2",1.05395054429962
"TRIM41",1.05394246077355
"CNP",1.05388127954319
"NUDT19",1.05377100435184
"C1QB",1.05372075833092
"RAB11FIP4",1.05370342768306
"SFR1",1.05367312100694
"CLIP1",1.05337184569368
"SPOPL",1.05327933188326
"SLC16A4",1.05326910493601
"TMEM109",1.05324943944066
"NARS",1.05320338933508
"OPA1",1.05306314615957
"TMEM37",1.05298266575945
"CEP44",1.05293191952387
"PAN3",1.05291654633976
"SIPA1L1",1.05284158625818
"OTUD1",1.05283602473946
"FDXR",1.05279133562241
"NEK7",1.05278616098476
"ZNF248",1.05270726964625
"ACAP2",1.05268057992385
"SYVN1",1.05266012550681
"GPR107",1.05265573893881
"ZYG11B",1.05264631677051
"WDR20",1.05258624589029
"TIMM23",1.05226648002557
"FOXK2",1.05220369419329
"FADS2",1.05212525030862
"VAMP7",1.0518622477728
"SLC38A1",1.05177253175231
"SIGIRR",1.05161511462881
"SERGEF",1.05160298241421
"MROH1",1.05157285548859
"MLLT1",1.05135437350838
"FLNB",1.05133717953058
"CCNT1",1.05128216026565
"FLVCR1",1.05120714329378
"ACTR3C",1.05118508990522
"EP400",1.05109965215892
"MAP3K3",1.05105782341181
"XPO7",1.05092061854909
"PPP1R14C",1.0507273974533
"UTP23",1.0506649704353
"PTAR1",1.05057960880263
"ESRP1",1.05054754976193
"APPL2",1.05046139637092
"ORMDL2",1.05044564064747
"BCAS1",1.05043265029042
"RNF38",1.05031322695067
"RORA",1.05017446498416
"NSMCE1",1.05015287834355
"RPE",1.050116320391
"MICAL2",1.05001076677488
"ARHGAP32",1.05000327525597
"TMEM14A",1.05000019152531
"BAZ1B",1.04988677262467
"KIAA0430",1.04971399850477
"MTFR1L",1.04970447051669
"MYADM",1.04960888818207
"IGSF3",1.04956549433693
"CARNMT1",1.04952279742854
"DCBLD2",1.04944525750486
"POLG",1.04944324826371
"UBAP2",1.04939262011844
"ASXL2",1.04928064289363
"C12orf49",1.04908758435495
"DENND4A",1.04902162120426
"RP11-259K15.2",1.04893751627554
"RBM43",1.04889560375709
"ARMCX3",1.04888521581588
"PECAM1",1.0487621227554
"ETNK1",1.04864456442574
"RASSF7",1.04841288784482
"ETV6",1.04839203755619
"ANKS1A",1.04839084827299
"RANBP17",1.04830232867499
"ATG2B",1.04825616726182
"CHURC1",1.04813027926064
"CRYM",1.04803762987375
"PPP1R13B",1.04799273566348
"ERICH2",1.04798921517218
"CHD7",1.0479774697106
"OLFM1",1.04793151898051
"RHOT2",1.04788892390313
"PUDP",1.04778316276181
"TPCN1",1.04771886288763
"BRE",1.04763670544414
"TMEM168",1.04757496941736
"ERCC6L2",1.04754593743802
"CCDC64B",1.04751680698603
"TNKS",1.04748344173204
"DPP8",1.04742015006685
"TPD52L2",1.04736438755768
"B3GNT5",1.04730542842716
"MFN1",1.04725461081436
"GALNS",1.04720453460312
"PIGA",1.04712498315616
"FAXDC2",1.04710026919133
"UBE2D1",1.04703810543989
"MARC1",1.04699078065697
"C7orf49",1.0469129163538
"GRIPAP1",1.04686701090083
"SCAMP1",1.04678390314611
"NDUFS1",1.04659691060334
"CCND1",1.04655877092477
"U47924.27",1.04653236088968
"TWSG1",1.04649004542092
"NOP56",1.04645065142523
"UBE2D4",1.04634621703682
"TP53",1.04619160111792
"DEF8",1.04609747248346
"EPB41L5",1.0460050142562
"KLC4",1.04591559106354
"PANK3",1.04586453186572
"MRFAP1L1",1.04580091911935
"ING2",1.04563003598274
"UPF2",1.04561804823205
"LRRK2",1.04557830223977
"TOX",1.04544666389218
"INHBA",1.0454142123284
"FZD5",1.04540980124546
"WASF2",1.04540508375204
"ATP2C2",1.04540301964819
"CLOCK",1.04539873994635
"TMEM191B",1.04530969559249
"WDSUB1",1.04527315225048
"GGCX",1.0451534194863
"SDAD1",1.04512973548457
"IL17RE",1.04512558103915
"RABAC1",1.045059776359
"CHST7",1.04504766209546
"BTBD7",1.04503489187628
"HOOK3",1.04500895806872
"CLK3",1.04499425687549
"IMPA1",1.04495576724272
"C1QC",1.0449092396556
"GTF2IRD2B",1.04470666488282
"KLHDC4",1.04467402002815
"SLC2A13",1.04459639277575
"MED24",1.04457897759434
"DIDO1",1.04454630376964
"TTC17",1.04451574247025
"TMEM163",1.04447692885816
"POLD4",1.04443369747303
"CYP4V2",1.04432481486534
"TP53INP1",1.04425266048212
"FHIT",1.04418645001051
"FARP1",1.04407392508637
"GTPBP1",1.04396227489021
"KAT2A",1.04385094019419
"EZH1",1.04383186104569
"STYXL1",1.04378806377602
"OFD1",1.04374546877657
"ICMT",1.04365497051664
"SCIN",1.04358193057765
"RP11-670E13.6",1.0435720193139
"MGLL",1.04353371182897
"POLD3",1.04330203282055
"ATP6V1D",1.04328220728535
"LMBRD1",1.04319918907219
"PHLDA3",1.04309948530511
"CLN5",1.04309200997289
"UBA7",1.04306196953471
"GPD2",1.04302970317183
"AES",1.0430244017924
"TMEM55B",1.04294318332727
"CD36",1.04293075678253
"FAM50B",1.04286059840534
"NAA25",1.04280137690399
"C2CD2L",1.04279842034643
"ZBTB7A",1.04276017318911
"SHC3",1.042747829167
"PLA2G10",1.04266323012736
"APH1B",1.04264557583508
"IFITM3",1.04262887811815
"PNPLA2",1.04232202730955
"C2CD3",1.04228817298237
"ZNF770",1.04223524761173
"UBE4B",1.04208880462292
"DNAJB2",1.04207799557989
"CCDC6",1.04202568487918
"THSD4",1.04202162007734
"NR2C1",1.041975677634
"FAM168B",1.04195944329392
"SREK1IP1",1.04185248575435
"DCTN1",1.04181270248342
"NF2",1.04179629881142
"GRN",1.04173730973745
"EDIL3",1.04166926239766
"OGFOD2",1.04166207180004
"NPRL3",1.04166047542324
"RB1",1.04164512858306
"SEPT7",1.04163608226718
"ZNF33A",1.04157256824145
"TXNRD1",1.04155189361885
"DIS3",1.04151216552585
"CAPN7",1.04137287642312
"SOCS5",1.04129929975433
"RNU12",1.04100126050738
"SH3GLB2",1.04079266947457
"BTBD1",1.04059938782416
"QTRT1",1.04053018176984
"ATP13A3",1.04052712360566
"PLRG1",1.0404894117819
"RP11-83A24.2",1.04032445831314
"GCNT2",1.0401869998675
"ZNF91",1.04012567332247
"VSIG10",1.04004827940568
"GEMIN8",1.04003805819227
"GIPR",1.03999879782217
"ATG14",1.03998287319105
"MAPKAP1",1.03988046469017
"MPP5",1.03987966611538
"RDH11",1.03985519022889
"NOLC1",1.03985024264574
"PICK1",1.03979870818471
"FZD6",1.03971341022496
"ABCB8",1.03970440895455
"CCAR1",1.03949290197419
"SDHA",1.0394808514734
"KIF27",1.03942719499877
"SYNPO",1.03941429827538
"DTX3",1.03938761772379
"WDR48",1.0393234357989
"PTPN11",1.03931345708103
"BHLHE41",1.03921570773928
"PDDC1",1.03902448860693
"JMJD4",1.039017519366
"ABL2",1.03889795011508
"UBE2Z",1.03872657821205
"CDK9",1.03848882145622
"ATG5",1.0383815993032
"LTN1",1.0383513016209
"TFEB",1.0382488221628
"FARS2",1.03819287618939
"PNKP",1.0381868798736
"YLPM1",1.03816295781973
"DIS3L2",1.0381063243205
"FBXL20",1.0380776027666
"HDGF",1.03806729183038
"UBL4A",1.03798926029562
"ATG9A",1.03787764071897
"MSH2",1.03785740257852
"ARHGEF17",1.03779076003048
"COX16",1.03778450614864
"HBEGF",1.03776834860225
"VIM-AS1",1.03775028618873
"LIN7C",1.03772062457185
"SOAT1",1.03765736345057
"MFN2",1.03748439264357
"MCEMP1",1.03742599506039
"PPP2R5E",1.03736791810738
"MUT",1.03728927562972
"CISH",1.03725540541409
"RAD21",1.03720374169846
"DNAJA3",1.03719349449659
"KIAA0100",1.03699853999333
"RNF213",1.03693072265091
"GPM6B",1.0368694487497
"TMEM91",1.03686235269724
"ATXN2",1.03670431379643
"FARSA",1.03658311818827
"SLC11A2",1.03657719761615
"RNF149",1.03654936838321
"CCDC14",1.03646913100648
"ACACA",1.03639060244117
"TMEM120B",1.03633468586742
"UFL1",1.03632085348801
"C1orf210",1.03630511897803
"MEGF6",1.03626094164404
"H3F3A",1.03614474617629
"USP24",1.0361313558002
"JARID2",1.03612733223115
"PPP1CB",1.03604089552173
"TAF6",1.03593701284258
"CACNA2D2",1.03590821912826
"FRMD4B",1.03574650387521
"ACTR1B",1.03573998871265
"CLSTN3",1.03568742696826
"RFX5",1.03561216032017
"TMEM30A",1.03552645352793
"INTS3",1.03549605949288
"PTPRS",1.03544944060636
"TNPO3",1.03526778452473
"UBAP2L",1.03513764691582
"HIP1",1.03512256008289
"TUG1",1.03511892551555
"PHKB",1.03506285067963
"SYDE2",1.03500173734245
"GPC1",1.03498368076566
"MRPL9",1.03494888679297
"CTA-29F11.1",1.03477316392715
"GALNT3",1.03470262938498
"ALS2CL",1.03468826942505
"FRK",1.03457992296546
"DCUN1D1",1.03446775969863
"MYO19",1.03439748737236
"SRGAP2",1.03431662204331
"MIA3",1.03426742709951
"ANKRD36C",1.03425214865885
"STK17A",1.03420099173235
"TMEM14B",1.03416053711413
"INO80",1.03412333859356
"OSBPL10",1.03402513990331
"C2orf81",1.03391945664741
"RNF146",1.03391588798517
"FCF1",1.03388981928656
"RMND5A",1.03382519836632
"FAM91A1",1.0337150531644
"IRS2",1.03367960089716
"ZNF219",1.03364743160031
"JMJD1C",1.0335815501194
"MARVELD3",1.03336646043224
"PRPF40B",1.03330316620234
"ALOX5AP",1.03316080595551
"MVB12B",1.03307178572439
"DNM1L",1.03302482656343
"PPP6R1",1.03301475358636
"GRSF1",1.03285787961899
"CCDC125",1.03284479527874
"ORC3",1.03279068751743
"ZHX1",1.03276532426112
"PPP1R37",1.03275880025966
"LYPLA2",1.03275777956284
"UBE4A",1.03268557676715
"SAP30BP",1.03243955945482
"FBXO2",1.03243354831347
"MYB",1.03235377793221
"COLCA1",1.03234585282949
"SEC22C",1.03234092844062
"PRPF18",1.03230331152418
"CGNL1",1.03221725110098
"CD68",1.03215268435202
"SLC2A11",1.03198785788824
"TANC1",1.03196671621326
"ANXA4",1.03193871531413
"TBCC",1.03186733190673
"XIAP",1.03181347044227
"CEP170B",1.03178183260803
"MBD2",1.03173461770218
"ZNF106",1.03170833020833
"MBTPS1",1.0316836482188
"HNMT",1.03166427272787
"IAH1",1.03161172848937
"C5orf28",1.0315244604937
"ZC3H4",1.03148697265743
"KIAA0040",1.03145906392338
"YBEY",1.0314277211955
"IFI27L2",1.03142611116522
"NINJ2",1.03122030731985
"KANK2",1.03119777718828
"SLC39A4",1.03113754645934
"IFT80",1.03110502304088
"SS18",1.03103467652433
"IRF1",1.03095677781227
"RAPH1",1.03090549048828
"NSUN5",1.03087422738538
"VPS39",1.03084557883916
"C4orf32",1.03082204013309
"SLC25A4",1.03073248888058
"EVA1A",1.03066648323863
"IL18",1.03061134233648
"RARS",1.0305744131237
"NFYB",1.03043375144874
"APTR",1.03036821471576
"YEATS4",1.03032722924674
"SDR16C5",1.03029255801095
"ZC3H12A",1.03025660419333
"EPAS1",1.03019242402722
"NENF",1.03010226815517
"ZDHHC16",1.03007941526741
"CERS4",1.03004279196747
"SH3PXD2A",1.03002241932044
"LGALS8",1.02999184822829
"CCDC85B",1.02995930459555
"CDH1",1.02985852608275
"TYK2",1.02985594125856
"TTC9",1.02979984500893
"NIT1",1.02971031510771
"DAPP1",1.02970772811799
"ZNF320",1.02970381053483
"MVK",1.02956535455309
"UHMK1",1.02954716879619
"CTD-2336O2.1",1.02949717703206
"PRPSAP1",1.02942504465212
"KIAA1109",1.02942360968308
"POLL",1.02935810105696
"NAPG",1.02935122874413
"ST20",1.02927958133193
"FAM20B",1.02914989348008
"AHCTF1",1.02913695227598
"AC007246.3",1.02912725534687
"FGD5-AS1",1.0291241796927
"DOCK5",1.02911817651151
"GIGYF1",1.02905338296256
"NDUFA7",1.02903590687887
"ABHD8",1.02889918197376
"MICA",1.02882649971964
"PHKG2",1.0288196453547
"CYB5R4",1.02880740555049
"RP4-569M23.2",1.02878240788247
"USP31",1.02871686541212
"EPB41",1.02868665653511
"LINC00893",1.02862327594272
"SLC52A2",1.02857441809607
"CREBZF",1.02856547229857
"FAM35A",1.02853005436508
"HLA-DQA1",1.02849748779696
"PDZD8",1.02848756888603
"VMA21",1.02844901992112
"MRPS25",1.02833989237048
"ASRGL1",1.02818640802534
"TMEM5",1.02815568436033
"MED10",1.02814676198386
"KDM4C",1.02785032645161
"ATL2",1.02775099746797
"DARS",1.02773062575636
"IL6ST",1.02767276470534
"AAED1",1.02764496527798
"GNAI1",1.02755761930458
"PHACTR1",1.02750594030534
"ZNHIT3",1.02742162494256
"MTURN",1.02736356886572
"MFSD3",1.02732121317685
"MFSD14B",1.02727597400513
"KIAA1328",1.02724871974939
"NVL",1.02723845821162
"OTUD6B-AS1",1.02715906460242
"TVP23B",1.02711835524751
"VAMP4",1.02707414083979
"CDC42EP4",1.02701167072565
"CNNM4",1.02699585955486
"SSBP3",1.02687077517559
"GPAT4",1.02682788638267
"PWAR6",1.02682761708784
"SUMF1",1.0268196629963
"ZNF37A",1.02679526840815
"DOK2",1.02660558733914
"CCDC8",1.02658622128786
"RBM26",1.02649299712913
"CTD-2626G11.2",1.02647623334564
"C18orf32",1.02644335689138
"HLA-A",1.02639639639655
"APOBEC3G",1.02631264444387
"AP2B1",1.02629858900377
"ADCY7",1.02624086764701
"TM9SF4",1.02614672719157
"DCUN1D5",1.02606149604673
"NR0B2",1.02602124670027
"SIKE1",1.02586472296052
"TTC1",1.02571728894071
"KDM5A",1.02566221451057
"MT-ND1",1.02564455716145
"ITM2C",1.0256327551851
"FBXW9",1.02561477615492
"ZC3H14",1.02555105103189
"BAZ2B",1.02539487750722
"WBSCR22",1.02530291929402
"PEF1",1.0252448517672
"SPHK2",1.02523535755065
"PGRMC1",1.02522467848088
"ABCC5",1.02519708699352
"TUBA4A",1.0251939312824
"HSF2",1.02516464958639
"TRIP12",1.0251437549343
"MDM2",1.02501788715736
"SP1",1.02500790095303
"ANKRA2",1.02489282767806
"GNLY",1.02487146699257
"ACAP1",1.02484289608099
"SEPHS1",1.02478003407448
"METAP1",1.02475761506944
"SCO1",1.02467206612665
"COA5",1.02462008798817
"DBT",1.02460797419314
"EXOC7",1.02455994897549
"TAPBPL",1.02453950131603
"FUS",1.02443811826743
"ZBTB7B",1.02439517554629
"VRK3",1.02438848094467
"ALG8",1.02435922987913
"ST3GAL5",1.02416640197
"GAB2",1.02415348528401
"ACOT13",1.024128130195
"ANGEL2",1.02410299827002
"WDFY3",1.02397301029483
"EPHA2",1.02396500584485
"UBE2G2",1.02387887224483
"DDX19B",1.02384650508933
"NCL",1.02380727608883
"WASH1",1.02374856682341
"SLC35A5",1.02370571269111
"CTSC",1.02358970421952
"SRSF8",1.0233293903191
"SLBP",1.02327981391483
"DIP2B",1.02325506736664
"GLG1",1.02324597166275
"C2orf49",1.0232056353272
"ITGAV",1.02308298843307
"CLASRP",1.02306475756017
"MFSD1",1.0230399154288
"CREBL2",1.02300027222338
"ZBTB24",1.02299592904567
"ATF6B",1.02299465048657
"MX1",1.02280157329607
"BCL2L1",1.02275475929491
"UCKL1",1.02261126696439
"ODAM",1.02260996796673
"IFI16",1.02257703553912
"ARFGAP2",1.02255884227789
"PPP1R12B",1.02255576020099
"EXOSC7",1.02253627113877
"HDHD2",1.0224463931469
"CDKN1C",1.02239258247408
"NSFL1C",1.02238442959739
"LYST",1.02237017172382
"RPH3AL",1.02232742586238
"CETN3",1.02211854368665
"DDX17",1.02210743683384
"DLEU1",1.0220987207329
"PIK3IP1",1.02208735994385
"PITRM1",1.02206915258967
"XPNPEP3",1.02200757348181
"AIMP2",1.0219646001849
"OGT",1.02195049501111
"PGGT1B",1.02189324842915
"TPRKB",1.02183200637004
"BET1L",1.02182353137814
"CAPZB",1.02180425412636
"CLIC2",1.0217891485204
"GPR137",1.02175416475852
"SHROOM4",1.02174249233616
"KLF15",1.02169003828655
"BSDC1",1.02165510233196
"MRPS30",1.0216438058785
"KIF3B",1.02152200171663
"DRAM2",1.02136898391899
"VTA1",1.02135472241559
"TPGS2",1.02121572178468
"ICAM3",1.02121521435153
"TSC1",1.02120618920639
"NXF1",1.02116449643854
"MYSM1",1.02112550932901
"C8orf82",1.02106385693841
"PAFAH1B2",1.02093602082734
"EIF2AK4",1.02089466347908
"BNIP1",1.0207758490114
"TCEB3",1.02073085130545
"TPM3",1.02069810840247
"PCDH9",1.02063862510866
"ATP1B1",1.02057240720566
"RP4-550H1.7",1.02056849993025
"KMT2A",1.02052720147653
"AP5M1",1.02048327475933
"HLCS",1.02045047838123
"ARMC1",1.02044963113055
"ATP6V1C1",1.02043962864532
"ZFYVE9",1.02042588423941
"ATP6V1A",1.02038682945816
"POLRMT",1.0203261729946
"HRASLS2",1.02030604760894
"ZNF394",1.02017244174482
"TMEM33",1.02016503520257
"CERS6",1.02016164466155
"ZBTB41",1.02012323417575
"LGALSL",1.0199456802807
"SIRT7",1.01985794714975
"HPS4",1.01984026622022
"BCL9L",1.01978587177204
"MCCC2",1.01977615487252
"BCL2L12",1.01972951010685
"NPEPL1",1.01966869136
"CHD1L",1.01966060271771
"RGS1",1.01963024642522
"ESAM",1.01962110206269
"CLDN23",1.01957406564136
"NEO1",1.01956000798708
"CEPT1",1.01955969117614
"NDST1",1.01955941199686
"FAM131A",1.01955701560493
"PTK2B",1.0195471397083
"AP4M1",1.01947170331929
"KIN",1.01938029981649
"CXXC1",1.01924375771573
"EFNB2",1.01912338366533
"TMCC1",1.0190229792549
"UHRF1BP1L",1.01901330232148
"SYT15",1.01898067992164
"DGCR2",1.01890271938472
"HMBOX1",1.0188466933516
"TMEM126A",1.01873080558354
"TRABD",1.01872805409162
"AK6",1.01866780023145
"USB1",1.01866139837807
"HECA",1.01854122978591
"CYBA",1.01853079593798
"H1F0",1.01849838884538
"DPY19L1",1.01848261806119
"PPP2R3C",1.01846791613728
"NDFIP2",1.01844486933819
"NCOA6",1.01842587838358
"ARPC5L",1.01840332670072
"LZIC",1.01835532591182
"NAP1L1",1.01835255650533
"IRF2",1.01819835533944
"PIAS1",1.01814467332778
"FBXO6",1.01798606806173
"TOM1L2",1.01797219093235
"RPS8",1.01787758287952
"MID1IP1",1.01785424497652
"ZDHHC5",1.01783190287107
"COIL",1.01778217841742
"SLC43A3",1.01765069459648
"SMC1A",1.01753208541834
"MFHAS1",1.01740350587872
"LBR",1.01710044737042
"INIP",1.01707770625441
"LARP4",1.0170390911534
"DNTTIP2",1.01701608409861
"KATNA1",1.01700997287782
"THUMPD3",1.01688280404035
"CCNYL1",1.01682528137183
"PROSER3",1.01666971324082
"BBS2",1.01664677231051
"INO80C",1.01664403561591
"APOL6",1.01657340072174
"PIK3R3",1.01652881752273
"TUBB6",1.01643240874677
"TXLNA",1.01639422420042
"RECQL",1.01633874671951
"ANAPC10",1.0162797090429
"EGFR",1.01627468095158
"COG7",1.01626000401862
"ZFP36L2",1.01618084014295
"CREB3L1",1.01600880472533
"FSTL3",1.01598741550737
"RWDD4",1.01590378394607
"TNFRSF10B",1.01586760843632
"TMEM2",1.01577613151527
"KANSL1",1.01569805270671
"BLCAP",1.01569718217286
"SATB1",1.01567833536242
"SMC2",1.01563450547763
"SLC30A5",1.0156247276008
"RANBP9",1.01560612305585
"DYRK1A",1.01558895701859
"PAXIP1-AS1",1.01556526082426
"CDK11A",1.01555026139298
"THUMPD1",1.01542686574481
"TRIM13",1.01533032898763
"ANKFY1",1.01525619505834
"MEF2A",1.0152000267621
"CTDSPL2",1.01518134494328
"C6orf62",1.01512914408654
"CDC73",1.01512722161148
"ZNF562",1.01508126618383
"CEP350",1.01506659521671
"RAB11A",1.01503636077762
"IBTK",1.01502522392813
"SMIM19",1.01501675909363
"CDK5RAP3",1.01500117672165
"BCL7A",1.01490826756933
"CIT",1.01485841503836
"MPRIP",1.01483252711668
"NELFE",1.01480006135297
"C8orf34",1.01473345440169
"GSK3A",1.01470694480335
"RABIF",1.01470689932907
"CRK",1.01466495937704
"LPIN2",1.01462118913845
"KITLG",1.01443730180771
"SULT1A1",1.01443070347825
"MYO1D",1.01441903587239
"RP11-792A8.4",1.01438573488899
"RPS27A",1.01427689322568
"PPID",1.01426634773365
"ANKRD13A",1.01409317059315
"GZMB",1.01408934352869
"MPHOSPH10",1.01404878858075
"FBXL3",1.01403866335661
"ING4",1.01401538501021
"CCDC22",1.0139511090274
"POR",1.01394358906084
"SHOC2",1.01388491723317
"CYB5D1",1.01384637243215
"CCS",1.01356650122354
"THOC3",1.0135192623652
"SOS2",1.01350524092034
"PCYT2",1.01336432291183
"PRPF6",1.01329870172616
"MRPL40",1.0132479076914
"FAM188A",1.01318860455814
"CSAD",1.01307340696202
"NET1",1.01305541744694
"MTHFD2L",1.01305113367612
"ATXN7",1.01304375782334
"SEL1L",1.0130360099522
"PPME1",1.01289562448957
"ADNP",1.01285592218445
"BCAR1",1.01270704483765
"RIPK4",1.01265899739478
"MSR1",1.01265039697419
"RAB22A",1.01258206928275
"IPMK",1.01257596330533
"FGF7",1.01257061038341
"ETV5",1.01256366938387
"ETV1",1.01255441789599
"LCOR",1.01253810679192
"HERC4",1.01251087208167
"DIP2A",1.01247327415309
"NUTF2",1.01246149074887
"MYBBP1A",1.01234580351652
"CDK5RAP2",1.01212908949853
"OARD1",1.01210077544012
"FCHSD2",1.01208905874362
"CRY2",1.01206475289156
"CCT7",1.01203649283113
"MARVELD1",1.01198512236426
"PHYKPL",1.01193511143866
"HDAC7",1.01189281809098
"STXBP1",1.01179258612918
"DYNC1H1",1.01178044748003
"WDR11",1.01170797738586
"HDLBP",1.01165146749121
"CWC22",1.01161639463244
"SCCPDH",1.01158921170456
"PHLDA2",1.01152849437383
"MPHOSPH6",1.01149893106003
"PEX26",1.01143769251317
"CYB561A3",1.01140799817303
"EIF2D",1.01137738576411
"CUL2",1.01136010362502
"ZNF44",1.01135359738015
"THOC6",1.011213619911
"NPIPB15",1.01119885363445
"STX4",1.01111931423784
"KLHL36",1.01095976528815
"NAPB",1.01092714403025
"PIBF1",1.01090353822831
"BCAT1",1.01086929558776
"ARHGAP24",1.01075852595073
"CTNNB1",1.01072183305002
"PIP5K1A",1.01066908585599
"AMN",1.01065427311669
"POLR3GL",1.01063450619797
"PIM2",1.01055123109201
"TMEM175",1.01054699268662
"LDLRAP1",1.01051858326788
"TSPAN15",1.01047439706027
"RAB4A",1.01047260544816
"DMAP1",1.01034892782198
"FLYWCH2",1.01031027067363
"MED11",1.01029340741228
"GNG7",1.01024840576365
"PMPCB",1.01020450259856
"FAM175B",1.01017715342249
"ELP2",1.01016099220438
"ABCD3",1.01008716644202
"VGLL4",1.01007030234682
"TNPO2",1.0100238230482
"FTSJ2",1.00992503250509
"ACKR4",1.00991297033537
"RILP",1.009890565571
"SLC41A1",1.00985737063246
"TRAPPC4",1.00974033421007
"PRPF38B",1.00971225227779
"RNF170",1.00970184780258
"MBD4",1.00963303986967
"GRAMD3",1.00949653755294
"TMEM222",1.00914917384102
"AZI2",1.00905550871122
"VPS35",1.00893736569629
"NUMB",1.00893566255813
"TBC1D15",1.00888278174514
"C6orf1",1.00884021844921
"ISG20L2",1.00882680469127
"AC007405.6",1.00870856017062
"CTNNA1",1.00866678751476
"MT-ATP8",1.00844940018327
"GNPTG",1.00837726474217
"SNX2",1.0083436211147
"GNPAT",1.00834338998851
"PRRT3",1.0081905909116
"DZANK1",1.00817890739675
"MTRNR2L8",1.00806137025185
"ANXA6",1.00797831759314
"MAP1LC3A",1.00785383209055
"DHRS7B",1.00783625206514
"CHPT1",1.0078279843027
"JMJD8",1.00780547334933
"ADPGK",1.00780505060587
"USP18",1.00779829169485
"ZNF316",1.00777221265992
"TDRD3",1.00773340113321
"ZNF254",1.00762204429169
"FAM13B",1.00757698388628
"PHF10",1.00736455248237
"NUDT21",1.00728063574575
"TLE2",1.00720519253873
"IFRD2",1.00718560497987
"RAD50",1.00717637981781
"UBE2G1",1.00712750707546
"SIRT1",1.00709116073591
"USP1",1.00703880608213
"FRYL",1.00696448801825
"AMOTL2",1.00695105042078
"CEP89",1.00694696726646
"RAB17",1.00685905764265
"TUSC2",1.00666060726608
"POLR2D",1.00659585183182
"MSL1",1.00654708967586
"PHF21A",1.00653149812875
"LARP4B",1.00648177962183
"AFMID",1.00640967715042
"CPB2",1.0063960819255
"SKA2",1.00631169841975
"FAM213B",1.00628154973627
"AGBL2",1.0062120674938
"BDP1",1.00614772971565
"REV1",1.00612162386056
"CASZ1",1.00608653984376
"TBCD",1.00607162321897
"NIPSNAP1",1.00603645564441
"GNAI3",1.00602172964927
"GLCE",1.00589471605371
"CCT2",1.00586203867706
"MANBA",1.00584357409754
"ZC2HC1C",1.00579742131641
"SDHAF1",1.00577757404363
"KMT5B",1.00575177555569
"PLSCR1",1.00570742433966
"ZC3H7A",1.00568697072885
"ZNF226",1.00557307111122
"TYMP",1.00556060397037
"MRPL37",1.00555898536831
"RP11-262H14.3",1.00554768476484
"STMN1",1.00554039983724
"SPI1",1.00552149573148
"RPS6KA5",1.0055211097866
"SC5D",1.00543369334609
"RNF19A",1.00543001097851
"GOSR1",1.00539917157862
"VAPB",1.00534047724495
"RNF169",1.00533640819314
"CSNK1E",1.00522574704832
"EXT1",1.00515180680996
"CDK13",1.00514738527684
"FUCA1",1.00509164220713
"PHC2",1.00508612980189
"SREBF1",1.00507954090747
"HEMK1",1.00504886299307
"OSBPL8",1.00502453984154
"RCN1",1.00487759327506
"TACC2",1.00485718359733
"TMEM98",1.0048211521148
"ABR",1.00477229758779
"USP47",1.00473472870945
"SPATA24",1.00472738780367
"ITGB6",1.00471776107112
"ZNF638",1.00467774253401
"IDNK",1.004585074747
"GALC",1.00456699973048
"YIPF4",1.00452109924398
"DLG3",1.0044758475691
"C19orf52",1.00442746428241
"ANAPC2",1.00435704458076
"NRP2",1.00426082221697
"TBC1D9",1.00425950743254
"RRM2B",1.00425666193458
"PEX19",1.00422758102011
"SLC15A3",1.0041220060565
"PPHLN1",1.00411030345019
"ENAH",1.00398982576352
"ATIC",1.00390922262691
"SLC35A4",1.00390378850848
"RNF180",1.00386592879343
"TSN",1.00381622344672
"ARHGDIB",1.00380873004455
"MISP",1.00380216828786
"CDC42EP1",1.00380122896096
"CYP3A5",1.00380069082724
"RP11-108M9.4",1.00375558590832
"OTUD4",1.00373899563939
"DVL1",1.00365169115578
"XAB2",1.00345023636417
"DDX41",1.00338309148739
"COBLL1",1.00336874969028
"SH3RF1",1.00334969255002
"TBC1D2B",1.0033399025572
"SMPDL3A",1.00328352587498
"WDR45",1.00327592814967
"DOCK4",1.00327541424333
"RAP1GAP",1.00321678189919
"AQP3",1.00319625700098
"MTA1",1.00312319664966
"CCDC28A",1.00307957270116
"PNPO",1.00307072456823
"SH2D4A",1.0030073206746
"GLMP",1.00298254308645
"GART",1.00294957208794
"SLC12A9",1.00290276626586
"HSDL2",1.0028202478529
"CCL3L3",1.00277191941768
"THEM6",1.00274331916461
"UXS1",1.00271001390649
"PPCDC",1.0026301767759
"NHLRC3",1.0026299289983
"HMG20B",1.00260971610473
"CNPPD1",1.00260181257359
"GBA2",1.00259869285294
"COL8A1",1.00259345652391
"SIGMAR1",1.00258109472249
"RBM12B",1.00255959464281
"KIFC3",1.00234613875353
"STX6",1.00232097433029
"FAM217B",1.00229623569997
"FAM174B",1.00223606160617
"ALG12",1.00220470439992
"TJP1",1.00219093428514
"RBM23",1.00207826433319
"EGR2",1.00207456869546
"MED29",1.00200257397305
"ANKRD49",1.00192501884889
"PARL",1.00189283826313
"TAF12",1.00185690527825
"IMP4",1.00182455876641
"PTPRE",1.00174736602609
"RCAN1",1.00165917303297
"FAAH",1.0015937851642
"RAD54L2",1.0013821193371
"GK",1.00135416540286
"LAS1L",1.0013354577957
"OSCAR",1.00129255432218
"POLG2",1.00120903128953
"TCF7L2",1.00117024401684
"MICU2",1.00112238376959
"ZNF75A",1.00111857032806
"ST6GAL1",1.00110465444981
"USP46",1.00110063128424
"AKIRIN2",1.00097403005321
"COQ5",1.00086863247402
"TSEN15",1.00077905658832
"NGRN",1.00072988830434
"CDK10",1.00072508619269
"KIF13B",1.00064073161296
"ATXN7L3B",1.00050039171477
"MRPL21",1.00043925995082
"ENOSF1",1.00042419835247
"MED21",1.00037522014239
"MSRB2",1.00034174075869
"ALKBH3",1.00026893561885
"RAD1",1.00024053439021
"RP11-22C11.2",1.00008015973174
"JAG1",1.00006625312044
"RRAGA",1.00000158801113
"MKRN2",0.999958210384426
"PTPN1",0.999952077093851
"AC093323.3",0.999874302924367
"TMX2",0.999865213033587
"ZNF429",0.999805450695855
"FAM107B",0.999778739147596
"RASGEF1B",0.99970856683234
"KIAA1191",0.999698243533784
"ACP5",0.999652784018127
"BAZ2A",0.999509050186884
"GPBP1L1",0.999441071015673
"SLC35B2",0.99941633450018
"LINC01513",0.999404328846559
"FOXK1",0.999378503242021
"ZNF131",0.999343505073114
"RNF187",0.999265231160058
"ILF3-AS1",0.999215941730746
"GSE1",0.999206118150486
"RAB28",0.99920348361535
"EPG5",0.999165211965311
"RAB8A",0.999127264486919
"SLC7A7",0.999108995820754
"EBNA1BP2",0.999046518463124
"SRGAP2C",0.998875290675329
"BNIP2",0.99885996794101
"ASB8",0.998714661164853
"STK36",0.998683323568412
"SCN1A",0.998613635667881
"ADGRF1",0.99859534086447
"HMOX2",0.99855815098178
"DNM2",0.998552133007843
"CEP170",0.998528776275697
"ANKRD17",0.998505024433566
"RPS6KA2",0.998486130511632
"C1RL",0.998475337745112
"MZF1-AS1",0.998442818892199
"TMEM18",0.998407701963721
"MS4A7",0.998251631389725
"BMP2",0.998229300715709
"DOK1",0.998182007465944
"CRTAC1",0.998152821311293
"R3HDM4",0.998147697584396
"HMGCL",0.998127657910186
"PLEKHG2",0.998090950193182
"PLEKHM2",0.998090458643306
"LEPROTL1",0.998075087676048
"SLC50A1",0.998068052195547
"CTSF",0.998039785955777
"CD3D",0.997969909153987
"TMUB2",0.997958924162587
"CAPRIN2",0.997957672635666
"EPB41L4B",0.997923786043166
"SYAP1",0.997922173914665
"RCHY1",0.997921190280256
"USP40",0.997919775434005
"U2AF1",0.997692626299643
"NT5C",0.997669991922042
"FAM120A",0.997536770447464
"RBSN",0.997508185827882
"RILPL2",0.997487476035222
"TBC1D17",0.997484318610516
"IRX2",0.997478155690276
"CTSL",0.997435688728692
"SLC25A1",0.997385654706311
"BICC1",0.997327847281522
"SRSF10",0.99729865448111
"MNAT1",0.997263624073679
"PABPN1",0.997213265496934
"FAM126B",0.996954939454926
"CUTC",0.996910873662961
"THRA",0.996909870018148
"ZFX",0.996894749245178
"CCNB1IP1",0.996869349826895
"BCKDHB",0.996864809346913
"LCP1",0.996851375612113
"RPN1",0.996837343955941
"IST1",0.996788253849571
"NAA60",0.996700646778354
"BMS1",0.996696120043566
"KLF2",0.996669592380972
"GPAA1",0.996655057393219
"C10orf76",0.996574568290606
"DLST",0.996553184328023
"TMEM139",0.99655107458413
"CHMP4C",0.996530017496629
"ARRDC3",0.996469977078241
"TMEM242",0.996465433256621
"GNG12",0.996452338177088
"WBP4",0.99645166319851
"CHKA",0.99643605445484
"DOHH",0.996350763443123
"FOXP1",0.996344324694754
"C16orf71",0.996322808929886
"PRRG4",0.996318452141274
"COL21A1",0.996288573353621
"MIEF1",0.996281672545326
"SNX1",0.996262450846981
"ZNF622",0.996212789351811
"CTSW",0.996203018062331
"PRKAR2A",0.996045985286536
"UBQLN1",0.995923559873046
"PHKA2",0.995888146866319
"DCAF10",0.995862205290836
"STX7",0.995795975646254
"ATP13A4",0.995749403435167
"BMPR2",0.995666979207872
"CMC1",0.995659854400494
"PEX6",0.995536170368149
"UTP6",0.995535611083611
"TRMT10B",0.995532301762417
"NGDN",0.995524050740173
"ELP6",0.995512780382169
"IQCB1",0.99541835903827
"PRMT2",0.995330389199951
"TLCD1",0.995293449491123
"AHDC1",0.995290593607821
"SLC48A1",0.995279981215719
"RBM27",0.995226128764236
"PI4KA",0.995049431154022
"PRRC2C",0.995042630829838
"PSD3",0.994984864835135
"INO80E",0.994960070812388
"TRIM39",0.994947463808536
"ZBTB44",0.994918747928044
"SF3A1",0.994880622422819
"IL10RB",0.99484983390464
"UBR4",0.994794111673376
"MPLKIP",0.994771546323235
"DCAF5",0.994768622768111
"CPT2",0.99476049263237
"FNBP1L",0.994729544443723
"SON",0.994687883736105
"CUX1",0.994687219800266
"CTBS",0.994676521281939
"ARFGAP3",0.994671432865629
"ZFHX3",0.994643781252726
"SLMAP",0.994571646233369
"NDUFA9",0.994560594053354
"ARL13B",0.994557761560755
"ANKRD42",0.994498503476728
"RHOT1",0.994481394261874
"KDM2B",0.99432648108808
"TSG101",0.994281670366009
"ERBB3",0.994234378043865
"SETD3",0.994211595778025
"USP33",0.994096181425877
"ROCK2",0.994095649679863
"PITPNA-AS1",0.994046705447832
"CTAGE5",0.994030551428927
"POLR3H",0.994018054110626
"SYNE4",0.994016581702027
"SCNM1",0.993994899838088
"SMC5",0.993989157813683
"TCEAL3",0.993880713059396
"LACTB2",0.993840520395424
"CDKN2AIPNL",0.993826706484437
"ASL",0.993687259702563
"SLU7",0.993679537109209
"RSAD2",0.993669184938961
"PEX11G",0.993668795026054
"DDX49",0.993637713615954
"RBFOX2",0.993632977514844
"PARVA",0.993567800922306
"OXLD1",0.993552909778433
"RHPN2",0.993531577874624
"PDZK1IP1",0.993403922678811
"CCNT2",0.993376556661566
"SNRNP40",0.993370260285743
"BMP3",0.993347157958113
"LRBA",0.993332042004064
"MYH14",0.993217970744873
"PKN1",0.99318129232721
"CAST",0.993161508403953
"RNF130",0.993107907817339
"CHIC2",0.993054126031058
"KCTD9",0.993026493782765
"ZMAT2",0.993012124726147
"YIPF1",0.993002604579331
"CNN3",0.992960581062945
"PAWR",0.992912255063293
"NR2F6",0.992905128678934
"MYC",0.992894214562613
"OPA3",0.992882669789414
"FARP2",0.992864610443377
"FKBP15",0.992864448655199
"ACAD9",0.992816040175972
"RALBP1",0.992799721036312
"MAP4",0.992746487278109
"EHD1",0.992723441439688
"PLP2",0.992646393165509
"ABL1",0.992641793274893
"ZMYM5",0.99257960383957
"ATMIN",0.992429769478973
"PGS1",0.99225462549253
"ALPK1",0.992233048415522
"PURA",0.992114350372771
"PVRL4",0.992079750900994
"RYBP",0.991950747225408
"RANBP2",0.99190790047199
"PLCH1",0.991815243687533
"ARNT",0.991789416875317
"TMEM248",0.99177642881747
"LINC00969",0.991775878606735
"CHORDC1",0.991704523047837
"TMEM237",0.991696971305179
"MRPS2",0.991690749462691
"TOB2",0.991660282084032
"C9orf152",0.991593561336838
"ZNF395",0.991534523501653
"SGSM3",0.991477768239357
"CDCP1",0.991424083289859
"CNOT6L",0.991384552518492
"PSMC6",0.991380107237227
"DFFA",0.991300690107645
"ABHD13",0.991216611724109
"MRPS22",0.991149384524025
"UBR5",0.991141279319244
"PDP2",0.991122517286309
"LARP1B",0.991097820150139
"CEBPA",0.991088528029553
"C9orf3",0.991083288602116
"PRRC1",0.991073811620908
"UBLCP1",0.991036500240694
"C1QA",0.991036158460861
"ADCY6",0.991009822348076
"MRPS14",0.991008737499695
"ABCC6",0.990850497177291
"SFSWAP",0.990834320563883
"TMTC2",0.9908164814967
"TAF11",0.99080015195333
"MRPL2",0.990732004427311
"ANKHD1",0.99072159217323
"ARSA",0.990700650922025
"RDH14",0.990699890865474
"AC004951.6",0.99059991860232
"LEPROT",0.990565845338851
"C4orf33",0.990473043513805
"NECAB1",0.990400911968183
"DRAM1",0.990269424836689
"CITED4",0.990269404545314
"TAF7",0.99020662266327
"LRRC8B",0.990175152675012
"GNS",0.99010199335134
"HS1BP3",0.990069074145088
"BOLA1",0.990057532439231
"PLIN3",0.989999031531711
"GRWD1",0.98996085800418
"EPHA4",0.989853819109036
"TTC39A",0.989735163428724
"PHF1",0.989702707673481
"MED23",0.989690034153088
"PTPN23",0.989687685687465
"CNOT3",0.989665838006157
"CFL2",0.989642502440413
"MUM1",0.989540891794029
"KIAA1429",0.989510510821249
"ARHGEF28",0.989472005909073
"INSIG1",0.989354305713054
"DDX42",0.989340090937079
"ITGB2",0.989320833299154
"NUDT18",0.989179768988548
"XRN2",0.989145926167232
"KIAA0368",0.989099985942211
"SERINC5",0.988960037569613
"NOL8",0.988955791081829
"TET2",0.988934763103527
"ATP13A1",0.988933573137617
"CMPK2",0.988880232887103
"TMTC3",0.988798076465393
"ITGB8",0.988666315374821
"SDCBP",0.988626109148333
"BAIAP2",0.988625948024905
"APTX",0.988618256212274
"TRAPPC12",0.988610117795684
"RASA1",0.988603668635168
"MAP3K8",0.98854155401598
"RPL26",0.988541016813194
"CCZ1B",0.988526014863179
"ARHGAP29",0.988473290226008
"MRPL22",0.988441435216853
"SIK3",0.988405086121062
"RP11-138A9.1",0.988351827482661
"CWF19L2",0.988302983817576
"SDC2",0.988267515257946
"DLC1",0.988251684581765
"EIF5A",0.988176619796933
"PELP1",0.988151443291152
"SKI",0.988085649387648
"TIMM22",0.988065063353898
"CDC27",0.988055673664729
"PTPRK",0.988055119456513
"NFATC3",0.988032340753239
"SCAMP2",0.987986523110396
"RUFY2",0.98798125294181
"CD99",0.987846508439005
"TARSL2",0.987829388683153
"PCGF2",0.987795548000882
"AC026471.6",0.987704351125407
"COG6",0.987694454372733
"PAK2",0.987658194042475
"RNF14",0.987648935178757
"MS4A4A",0.987597359253518
"FAM92A1",0.987542291247325
"BCAS2",0.987509863181674
"WBP11",0.987457201948861
"PRCP",0.987366973492322
"CLTC",0.987353610319995
"ZNF516",0.987327202467185
"SAMD9",0.987287921632102
"PWWP2A",0.987202456823829
"CD247",0.987197682514786
"NPAT",0.987136819382492
"SLK",0.987122891521034
"HDAC8",0.987114659062287
"KLHL28",0.987113655618096
"CHID1",0.98711051998672
"NADSYN1",0.987029994784867
"CSNK2A1",0.986962677701151
"DDX1",0.986950308282467
"UBTF",0.986946203968693
"VPS72",0.986908035022441
"C1orf53",0.986881266854021
"RORC",0.986872306961022
"PBDC1",0.986836958337462
"GSTK1",0.986790128893946
"PNN",0.986779099029501
"KPNA1",0.986680694655973
"UAP1",0.986669301330542
"C17orf62",0.986613798977915
"VAMP3",0.986610315142493
"NUDT9",0.986597574763753
"ZMIZ2",0.986578534340627
"EEA1",0.986561542531612
"SPINT2",0.98654563465585
"SRP54",0.986496960949235
"SMC6",0.986333273716627
"STAMBP",0.986309684535839
"FAM184A",0.986302156902987
"MRPL35",0.986251512725899
"STK3",0.986243233384791
"SMAD9",0.986227996855789
"NDUFC1",0.986212305184763
"TAPT1",0.986201863241005
"BIN1",0.986197365051952
"C1orf50",0.986185353178615
"SLC20A2",0.986169495924947
"SPR",0.986101327758254
"ATG3",0.986075554127131
"FNBP4",0.986029484088881
"RANBP3",0.985966369935156
"VPS25",0.985912082189111
"TRMT1L",0.985777277484846
"ATF7IP",0.985754587018663
"SLC25A44",0.985699194529971
"AFTPH",0.985654815810659
"XPO1",0.985612230701806
"MSRA",0.985582941154643
"TRIM25",0.985572057762863
"MESDC2",0.985567610821243
"TRAPPC2P1",0.985489102372657
"ELAC2",0.985437472099845
"SASH1",0.985374772557024
"SLC22A18",0.985322326130958
"C6orf136",0.985280806211157
"ALMS1",0.985250199342725
"NUDT15",0.985234843318735
"C12orf73",0.985231346328131
"THAP1",0.985199411977042
"MOB3A",0.985195677349602
"SMARCD3",0.985183835910494
"ITM2B",0.985119837790816
"MYO5C",0.985083269712432
"GTPBP4",0.985076442449931
"C2",0.98504323877761
"B4GALNT3",0.98503343736529
"AIFM1",0.984975405921221
"CTBP1",0.984970981961736
"RCC2",0.98476284768653
"TMEM63A",0.984705439051998
"EXOSC10",0.984678167012816
"PRKRIR",0.984666144916057
"NIFK",0.984651864864313
"CTB-50L17.10",0.984635411192303
"MKL2",0.984585267848756
"C15orf48",0.984552309921584
"HSD17B14",0.984447929167426
"GRB2",0.984433939484929
"DOK4",0.984409308033155
"DNAJA1",0.984318700591432
"SDHAF2",0.984313651751433
"ZNF22",0.984249001428155
"SLC38A2",0.984244901683906
"SLC35E1",0.984159580306826
"SLC16A11",0.984101727027615
"MED6",0.984080023938867
"PPIP5K2",0.984004331241759
"SEZ6L2",0.983994150466514
"ATP6V1B2",0.983987423872402
"LMO4",0.983979464246631
"KMT2E",0.98397078927435
"CLCN3",0.983970758852543
"SLC37A3",0.983851094585796
"CHERP",0.983844802309817
"ZNF507",0.983739037734552
"MIOS",0.983714029939473
"LINC00667",0.983693769351014
"TSPAN14",0.983669045779594
"RPRD2",0.983632892850085
"ITSN1",0.983620606900415
"METTL14",0.983574387345463
"HACL1",0.983511984928585
"SART3",0.983506178905639
"KDM6B",0.983481085116439
"ERCC4",0.983465124227997
"MUS81",0.983409251608801
"RYK",0.983356497739703
"CTTN",0.983282403541191
"NUP37",0.983106809907143
"DPM1",0.98309005934251
"AP1M1",0.983065784399051
"CHD4",0.983047344112621
"KIAA1919",0.983019555966593
"TRPT1",0.982986005219246
"RIC3",0.982965030906509
"UBQLN2",0.98295031880761
"MZF1",0.982948821180105
"ZNF414",0.982923809319261
"ERGIC3",0.982898979511663
"DDHD1",0.982883672401517
"PCMTD2",0.98286129210885
"RBM10",0.98283819592016
"SLC37A1",0.982797453685721
"MED15",0.982727805081382
"GCDH",0.982714882437588
"GUCD1",0.98270705536071
"CNN2",0.982642813650969
"LINC01315",0.982636854603008
"ZBTB16",0.982562302211649
"PRRC2A",0.982545885008778
"CAND1",0.982474326617846
"SLC25A37",0.982470269302723
"TYSND1",0.98246629244234
"FDPS",0.98244318450041
"RAD17",0.982416262404971
"TBPL1",0.982380071760678
"SPSB2",0.982329804868919
"C19orf70",0.982295639707525
"SP140L",0.982274372782088
"RNF41",0.982252106117777
"UBE2H",0.982200866242964
"TBL1XR1",0.982200452702931
"LAD1",0.982145231109974
"ADAM9",0.982139109862132
"LMAN1",0.982101369063657
"ARPIN",0.981969786638589
"ANKRD13D",0.981923175690647
"FAM199X",0.981922233512246
"DNAJC25",0.981869507557841
"AC009133.12",0.981860506223166
"LRP5",0.981725339997485
"STX11",0.981692739506234
"C1GALT1C1",0.981654025708205
"WDR5",0.981645513687483
"DDAH2",0.981618063373393
"FDX1L",0.98158341178118
"MRPL46",0.981484606680962
"HMCES",0.981385642343048
"ADCK3",0.981371076526602
"PFDN4",0.981348588710419
"LASP1",0.981348458770036
"BAZ1A",0.98125666620932
"CLN3",0.981251358315195
"CHIA",0.981233743755939
"CAAP1",0.981163456039433
"PPT1",0.981110595280505
"AC159540.1",0.981105596830707
"MAP3K7",0.981029072396098
"APOL2",0.980985409161462
"SART1",0.980929340581084
"DUSP16",0.980918295839753
"SMC3",0.980846894904136
"PEX7",0.980778179416695
"SLC25A36",0.980777199544244
"CACHD1",0.980750209837742
"RSAD1",0.980712099739521
"ATG12",0.980645873263916
"LRP10",0.980584204752144
"HAS3",0.980534488681169
"ALOX5",0.980521034768381
"FBXO7",0.980413578807431
"TWF1",0.980406820353252
"TCEAL1",0.980402026407611
"SMYD2",0.980350760842507
"SMCHD1",0.980343788475356
"NME3",0.980302323728267
"DCAF6",0.980300401579311
"HADH",0.9801843132243
"PPP1R21",0.980058831928818
"EFEMP2",0.980005202412081
"RERE",0.979995525005963
"KRCC1",0.979799823511942
"YTHDC2",0.979784025821573
"CLPTM1",0.979771664632592
"MEGF9",0.979761300286515
"NOP58",0.979750497402941
"EIF2AK2",0.979745658227725
"ELF2",0.979725520622536
"TSPAN4",0.979674398150446
"TMX3",0.979582077960005
"CACUL1",0.979485261357481
"CYTH1",0.979436410854425
"ACAT2",0.979427559573078
"TOMM5",0.97935427991163
"BCL7C",0.97934656247131
"ZDHHC7",0.97933157411169
"FAM96A",0.979273849587198
"AAR2",0.979187933580536
"AIP",0.979149452308377
"POLR3E",0.979093041582248
"SUPT6H",0.979064989575355
"TSC22D2",0.979058208067359
"CTDSPL",0.979048960628377
"WDR34",0.979001592295914
"ING1",0.978891109918931
"STX16",0.978705219269375
"ACLY",0.978687242979318
"PPIE",0.978672445046488
"CSNK1G1",0.978662288486012
"BUB3",0.978637917070507
"ATP8B1",0.978629479083144
"PTBP1",0.978563441764153
"ZC3H7B",0.978552435910397
"OSGIN2",0.97851411901716
"CELF1",0.978460245543986
"C1orf123",0.978455197326977
"GOSR2",0.97844406698902
"LPCAT1",0.978440486985543
"USP53",0.978408190475014
"LONP2",0.978405693927448
"STAT2",0.978358528110215
"HK2",0.978347046401843
"ULK3",0.978320267048243
"SHQ1",0.978296054086728
"KIF1B",0.978288031963607
"FAM98C",0.978178710734626
"RBM41",0.977891118971056
"LLGL2",0.977846490020791
"PRPS1",0.977831139216923
"SUSD6",0.977827939976651
"CA2",0.977750501096481
"ASB1",0.977735276596287
"NSRP1",0.977603836919476
"TEF",0.977440481142447
"CDC34",0.977411720549138
"SNRPE",0.977395588546285
"LRRC47",0.977300273809001
"SSH3",0.977288023626419
"FYCO1",0.977261121077238
"AGO3",0.977248265081634
"ATPAF1",0.977224729716496
"PIK3C2A",0.977220543122227
"NAMPT",0.977218051626409
"C15orf40",0.977154932754687
"STK4",0.97706519800158
"LENG8",0.977038083376716
"KCNS3",0.976956185905157
"FABP4",0.976941086911975
"DHX32",0.976932997986518
"SMYD3",0.97677492592007
"ZBTB1",0.976750256941959
"C6orf47",0.976646682890675
"ABTB1",0.97662692680316
"UBE3B",0.976616199951884
"PLEKHA3",0.97658039962082
"STK40",0.976576766871317
"RNPEP",0.976488448477736
"NDUFAB1",0.976445054492025
"CCL28",0.976423776821631
"RNF121",0.976329705041341
"C16orf52",0.97625376818926
"EXOC3",0.976243054891437
"BMPR1A",0.976088533189918
"MTERF2",0.976065589374667
"GNPTAB",0.976049689889905
"MRPL30",0.975905658319827
"NME4",0.975811995157569
"UCHL5",0.975804587274629
"MBD3",0.975788309279805
"WNK1",0.975784764312639
"GALM",0.975771779551805
"CXorf23",0.975768737270663
"PPP6R3",0.975420854226044
"PSMB8-AS1",0.975314292419764
"IPO7",0.975312027128491
"ACTG1",0.9752827807233
"C22orf39",0.975249288137961
"PGRMC2",0.975194440583719
"SMARCD1",0.975150078211952
"TJAP1",0.975148916696303
"BACE2",0.975121876123922
"ZDHHC21",0.975117450486955
"MARS",0.975112629752108
"FAM76B",0.97510574667899
"KIAA1671",0.975104440186902
"KLHL9",0.975076291683858
"TSPYL2",0.975065279185949
"TMEM164",0.9750586767476
"MAT2B",0.975035527082131
"KIAA0408",0.975007894969005
"TREM1",0.974996589595875
"PRR34-AS1",0.97498221417133
"CLN6",0.97496947969909
"DHFR",0.974935352235426
"EFR3A",0.974862188160095
"KAT6B",0.974825350949376
"SMG7",0.974784952045354
"FOSB",0.974781075718587
"SLC2A10",0.974757488450146
"MRPS7",0.974739534526473
"IARS2",0.974714155613452
"UBA3",0.974699302066649
"TMEM216",0.974695911132416
"AARS",0.974677090828445
"STX5",0.974591015914224
"FAM193B",0.974512944770243
"CEBPZ",0.974428666588415
"NTHL1",0.97435589394544
"MOGS",0.974340011903014
"EDEM1",0.974298965179074
"HCST",0.97429800213336
"FAM175A",0.974236666967263
"DYNC1LI1",0.974226334076249
"RB1CC1",0.974201284545987
"SAR1B",0.974171430914988
"SNHG18",0.974073231142577
"PDE12",0.974005563349273
"SPG7",0.973991223887539
"NSUN6",0.9739728869282
"CAB39",0.973897096083369
"SYMPK",0.973872071738874
"MSN",0.973867136927363
"EIF3J",0.973834719949405
"UBE2Q2",0.973808117099953
"RNF6",0.973784339510602
"TXLNG",0.973738085652272
"GANAB",0.973735856579339
"SEC14L1",0.973710100454141
"GPD1L",0.973702601367965
"TRAPPC11",0.97369850533091
"GTF3C1",0.973697579744205
"PON3",0.973643061637701
"RPL26L1",0.973552132258823
"SLC39A13",0.973539147433546
"U2SURP",0.973430446857413
"GSK3B",0.973401644074493
"SLC39A11",0.973279091542751
"SLC9A3R1",0.973166121187404
"APPBP2",0.973149745463818
"ARMC10",0.973089081383561
"SHMT1",0.973075915556401
"FAM189A2",0.973070280211713
"SLC6A6",0.972963492502265
"SLC4A8",0.97294475258715
"LAPTM4B",0.972886758660067
"LRRC61",0.972877252719342
"FAM111A",0.9728532900759
"TSPAN12",0.972850776673582
"MT-ND4L",0.972783689504425
"NSF",0.972737041313628
"VEZF1",0.972719102305915
"GLIPR2",0.972682993064794
"KRTCAP3",0.972676852369449
"AMD1",0.972649983435934
"CEP63",0.972626450613466
"PPP1R9A",0.972594264539535
"MCM7",0.972568184610279
"PXMP4",0.972515293350954
"USP32",0.972448966615595
"EMC2",0.972396126721101
"NCMAP",0.972373756709372
"MYO10",0.972373615599103
"SNX25",0.97236083375961
"TINAGL1",0.972357579421924
"SLC10A3",0.972178533736671
"LRRC1",0.972178268164776
"KLF5",0.972163959686308
"BAIAP2L1",0.972154024842571
"ASPSCR1",0.972139127049759
"GORASP1",0.972123338908995
"TFCP2L1",0.972087882466418
"SNX27",0.972082453737325
"EP300",0.972061375486525
"MDN1",0.972057817003074
"TAOK2",0.971991144106257
"HOOK1",0.971985744649322
"FAHD2A",0.971894034498752
"NSDHL",0.971876458087518
"THAP11",0.971870732170975
"FAM60A",0.971737779597206
"URB1-AS1",0.971719738766241
"TUBB",0.971707824289575
"PIGT",0.971702462617983
"FAM129B",0.971637333122366
"HBS1L",0.971610279743612
"MGAT2",0.971600423061187
"RPS6KB1",0.971591678603429
"CLK4",0.97149296871955
"IDH3B",0.971470752454116
"ZNF205",0.971457130939336
"MED13L",0.971420610387524
"RP11-347P5.1",0.971407244834252
"DPH3",0.971404805834444
"LCMT1",0.97128975577176
"ATP5A1",0.971267492523061
"SNX30",0.971197989871405
"SCRN1",0.971183739943923
"C11orf71",0.971145900486692
"LSS",0.971084889853709
"HINT3",0.971083813056101
"LAMC1",0.971008417000074
"CNDP2",0.97097141728589
"RNF214",0.970769581418418
"TCEA2",0.970735679871126
"FAM210B",0.970702789554457
"DNAJC30",0.970701311410374
"CCDC93",0.970698675469763
"EIF4E2",0.970637561611851
"PTBP3",0.970455483444381
"NUP54",0.970453640877102
"PPP3CB",0.970434656482559
"INTS10",0.9704094803475
"ADH5",0.970361356994168
"SIK2",0.970238568131713
"CACYBP",0.97016765355909
"CEP112",0.970154832609512
"DAP3",0.970154648456974
"SLC4A4",0.97013209200515
"ALPL",0.970092607292108
"PRR7",0.970071618588366
"NECAB3",0.970068952689187
"FAM32A",0.970045918236711
"KIAA0355",0.970000925452789
"EMSY",0.969981171241485
"PRDX3",0.969957285620555
"DHRS1",0.969951627321485
"PACSIN2",0.969894489276239
"PFKFB2",0.969773768589998
"SPAG7",0.969695241829705
"TXNDC12",0.969682337890561
"TLK2",0.969628430516183
"PPP1R16A",0.969559740536606
"BORCS8",0.969503588905809
"STX17",0.969468981388623
"DHX16",0.969444549501711
"NOL3",0.969416711327334
"APCDD1",0.969300989072072
"GRAMD1A",0.969292956546082
"PRPF8",0.969285596430195
"GFER",0.969276610942534
"CDKN2AIP",0.96925814834002
"IDI1",0.969232081785009
"GATAD1",0.969216668809033
"ATN1",0.969139556344156
"ZNF506",0.96909484505444
"SOCS1",0.968998688843316
"MAP2K4",0.968991832220003
"MKKS",0.968977657969494
"GABARAP",0.968958305892596
"TMBIM6",0.968935968623406
"MTSS1",0.968911592823016
"MAPRE1",0.968799706215398
"ARMT1",0.968785499357004
"BRMS1",0.968778211836124
"YDJC",0.968722498383801
"ATG4B",0.968717544387427
"FAM208A",0.968681488170618
"CCDC88B",0.968644673036001
"URI1",0.96862429605974
"FKBP4",0.968590441542874
"ATP6AP1",0.968542363107067
"MTRR",0.968511379630765
"MCMBP",0.968498306914462
"MTMR2",0.968452774828168
"WDR6",0.968411646513845
"B4GALT5",0.968348603267537
"HLA-C",0.968343135275478
"OTUB1",0.968340719753847
"PBRM1",0.968327149636299
"PHF12",0.968326410661452
"KLHL2",0.968250787648001
"INADL",0.968120148797223
"MEF2C",0.968059271069848
"CYB5B",0.968047874626766
"UBXN4",0.968038549845665
"SIAH2",0.967980069451848
"TTC32",0.967951399000792
"LYPLAL1",0.967908851850008
"KDM6A",0.967870427290215
"NTN4",0.967798998582762
"RNF113A",0.967794726465142
"NUMA1",0.967734080431119
"LINC-PINT",0.967652466561232
"FBXO11",0.967637051930921
"GBE1",0.967618518646633
"CHD8",0.967534589894246
"PTEN",0.967523926933674
"C19orf66",0.967331642834566
"CDKN1B",0.967321632992744
"SPINK5",0.967284131536951
"EVI2B",0.967221887332121
"MRPS10",0.967124155350167
"ZNF292",0.967011074601359
"HSPB8",0.966969372028248
"POLDIP2",0.966904180428471
"ARFRP1",0.966860844088126
"PTPN3",0.966858529718896
"DDX59",0.966831951262122
"FTSJ3",0.966803813385137
"RBM18",0.966799090312655
"POP4",0.966774312863255
"WSB2",0.966723081418847
"LPP",0.966649400026782
"THAP7",0.966579200969188
"NRBP2",0.966522003109044
"LTBP4",0.966512992396988
"SNHG21",0.966503160119373
"ARRB1",0.966498239257709
"ACTR6",0.966456152040562
"SVIP",0.966440476404857
"OXSR1",0.966333148066504
"CLEC2D",0.966306929084202
"FAM73A",0.966227328581552
"LUC7L",0.966161490052426
"ACOX1",0.966127503290876
"CYP20A1",0.966108681360796
"RAB27B",0.966095971677687
"ILK",0.966088116246149
"COG3",0.966081059846999
"FURIN",0.966069410540132
"C5orf24",0.96605933912885
"FHOD1",0.966045824615197
"PPM1A",0.966030732215205
"FXR2",0.965975934260514
"CCNDBP1",0.965974423521597
"OSGEP",0.965937258149742
"SENP2",0.965928405809022
"RLIM",0.96588662876012
"PDLIM5",0.965877077719528
"SMUG1",0.965806874482923
"ZNF12",0.965805123415107
"ATP5SL",0.965789126706589
"TAF15",0.965757617256457
"CTNND1",0.965747303173532
"AP006222.2",0.965639509667526
"FNTA",0.96562776174494
"COPB2",0.965566514577699
"PTPN6",0.965492431510623
"TNFSF10",0.96545952333746
"UBA6",0.965427009054817
"RPF2",0.965360888538057
"DAXX",0.965334995138553
"SLC12A2",0.965313588552203
"ELMOD2",0.965286910182089
"CCDC69",0.965278356962453
"INTS1",0.96526447171427
"MARVELD2",0.965225546685455
"TRIM24",0.965124751787038
"ZNF706",0.964943078961864
"RP11-382A20.3",0.964872047510872
"IMPA2",0.964781559430606
"FLAD1",0.964742312708563
"LRRC41",0.964662446738258
"HLA-F",0.964615263236672
"DPP3",0.964593777111807
"MAU2",0.964589456472339
"IFI27L1",0.964558342156097
"RRS1",0.964550504468205
"PARP3",0.964514494521173
"MAP4K5",0.964499356094205
"ANAPC7",0.964497821148503
"DHX9",0.964489371112755
"CDC42SE1",0.964444696450775
"TXNDC9",0.964439210966492
"SENP6",0.964403973501222
"FBRS",0.964381225915882
"RALGPS1",0.9643437343167
"HMGXB3",0.964336270531214
"UBR3",0.964328085316264
"GTF2E2",0.964193614063034
"GPATCH4",0.964173400962262
"ANKRD45",0.96416860483205
"ADGRV1",0.96415844710044
"SLC20A1",0.963923387043893
"RGS3",0.963914935064721
"EMC1",0.963911235953231
"C6orf89",0.963820242420107
"PCED1A",0.96381973283192
"MON2",0.963814820894563
"TSSC1",0.963804716592598
"TTLL12",0.963767739089182
"SORD",0.963730996773646
"UBE2B",0.963727875612311
"OAT",0.963711245356907
"ZNF561",0.963693987662569
"GRHL2",0.963671560993896
"TRIM27",0.963492045642678
"SFXN4",0.963341220544203
"DYM",0.963318645811414
"LIMK2",0.963295613652105
"VEGFB",0.963269577590672
"C3orf58",0.963267285823941
"INF2",0.963248892289196
"TROVE2",0.963214926950442
"DIS3L",0.963175926257861
"MTERF4",0.96316631874912
"NUP160",0.963132937759967
"PRKCH",0.963130648162915
"RPAP3",0.963119858652732
"HADHA",0.963075203769327
"PSME3",0.963072250359773
"ZNF385B",0.963039424351527
"LGALS3BP",0.96303823949648
"MRPL4",0.962938476595291
"NEK4",0.962931514103671
"XRRA1",0.962888227438473
"MED26",0.962832796155683
"TARBP2",0.96278455498193
"LRRC58",0.962764646948684
"FH",0.962733016056527
"CCL4L2",0.962718904067992
"C12orf43",0.962709646531451
"CCPG1",0.962703044683058
"LINC00936",0.962684928624939
"BBIP1",0.962682020710388
"RP11-135L13.4",0.962659051319922
"AAAS",0.962656768193351
"FAM122A",0.962646638736642
"DHRS4-AS1",0.962631601518243
"NPRL2",0.962601949087791
"SEPT11",0.962534645767258
"EAF1",0.962484021671569
"VMP1",0.962432598178743
"DYNLL2",0.962429014133413
"MIDN",0.962370130138645
"ARL8B",0.962319235578399
"ADD1",0.962316346547633
"ATP6V0A1",0.962267827804823
"PIGX",0.962252962863516
"WDR26",0.962222753322683
"ELMSAN1",0.962193934325989
"SFMBT1",0.96216738126424
"PRF1",0.962162355258839
"ESYT1",0.962125650754248
"FGFBP2",0.962104100233807
"GTF2F2",0.962066709476198
"PUM3",0.962041290925257
"KCTD3",0.961948389072275
"COMMD10",0.96194235443453
"C15orf52",0.96194145249582
"PTGR1",0.961930550007307
"KDM3A",0.961928683691397
"NCF2",0.961913624205872
"REPS2",0.961902363042829
"SF3A3",0.961891980604002
"TMEM259",0.961812043918052
"FASN",0.961734367706259
"POLDIP3",0.961682694112487
"FOSL2",0.961680591979735
"NDUFA5",0.961663510574505
"NOL11",0.961637515249844
"REPIN1",0.961626366985108
"TRPC4AP",0.961623627454403
"ASCC2",0.961597943206655
"RNF168",0.961591197673256
"CHMP5",0.961543567830936
"PAXBP1",0.961500490139864
"BCAT2",0.96144095187739
"IFFO2",0.961438889397791
"ELMO3",0.961434238573419
"UTP11L",0.961330830938817
"SMARCA4",0.961282664253489
"FAM161A",0.961238277780707
"N4BP2",0.960984018370794
"RAB6A",0.960872462562693
"FNDC3A",0.960824754416775
"ZNF626",0.960737475941078
"EGLN1",0.960734669512465
"CD53",0.960701277119469
"DOCK8",0.960697234502033
"DNAJC15",0.960644430496142
"CAMK2D",0.960614887416868
"CLPTM1L",0.960589022899424
"RBBP6",0.960580596153185
"KHNYN",0.96054366905642
"CCNK",0.960492280876455
"PIP4K2C",0.960475142882707
"SAE1",0.960473222937546
"RAB32",0.960401389054967
"KBTBD3",0.960343246884035
"LAPTM5",0.960275230518445
"SMIM15",0.960251325513858
"EXOSC8",0.960201510363595
"WBP1L",0.960159746605737
"CMSS1",0.960126988657372
"LARP1",0.960115022258618
"DDAH1",0.960112025330713
"NFATC2IP",0.960056226248908
"KATNBL1",0.960037605224469
"PPWD1",0.959897953611449
"LRRC16A",0.95988693702912
"DHX38",0.959881210268606
"P4HA1",0.959862422302562
"CAPZA1",0.959810738277259
"DCXR",0.959808573734889
"UBR2",0.959729945972996
"FBXW2",0.959706823828946
"PLK2",0.959634026902817
"KIAA1715",0.959625091676364
"UBE2M",0.959603428908107
"LRRC57",0.959532225778689
"ZSCAN16-AS1",0.959508205806007
"SERPING1",0.959428135614268
"PLXNA2",0.959426269953013
"GLYR1",0.959395815402222
"LYN",0.959370472935101
"H6PD",0.959312314135057
"RAB40C",0.959290232658669
"TLK1",0.959187007504755
"RANBP10",0.95915614554037
"AJUBA",0.959143318395179
"CASK",0.95905483085819
"ANKRD39",0.958952108910545
"FAM49B",0.958950160055836
"RBBP5",0.958924089589685
"STK16",0.958913729759378
"NOL10",0.958856863118815
"PTCD3",0.958851465983333
"YBX3",0.958846299874178
"GLIS3",0.958838127311938
"FANCL",0.958819224320103
"BMI1",0.958784966555749
"SMAD4",0.95876181979815
"YPEL2",0.958721209367886
"PDCD6IP",0.95871775060946
"ARHGEF5",0.958644440065935
"XPO6",0.958623453408818
"TGFB1I1",0.95861959450184
"TGIF1",0.95860790570879
"DCTPP1",0.958598375599105
"ABCF3",0.958584396615981
"ABHD14A",0.958492568870559
"NARF",0.958471128286805
"USP4",0.958380966322071
"NUDCD3",0.958337363558162
"LINC01481",0.958313251375902
"AMT",0.958303575999974
"RP4-568C11.4",0.958179705137702
"ADAM10",0.958147887635058
"TRIP11",0.958078341648271
"USP6NL",0.958023656404767
"HERC1",0.958009381377836
"IRF3",0.957995418827099
"IMMP1L",0.957974585284578
"ZZZ3",0.957930222176591
"SMARCA2",0.95789950449841
"FAM118B",0.957869200430687
"ENTPD6",0.957801518671197
"AP3B1",0.957793844222773
"ZMYM2",0.957700501858107
"TSPYL4",0.957672739716943
"AGAP1",0.957542764577718
"TSSC4",0.957538158205273
"RELA",0.957501916752858
"RAPGEF2",0.9574853700855
"LINC00094",0.957484984842905
"RSPRY1",0.957476595972433
"C12orf10",0.957366407136739
"U2AF1L4",0.957365507245535
"ARHGEF38",0.957363795140939
"CSTF2T",0.957302830565332
"RDH10",0.957242477170159
"RGL3",0.95722015221558
"RETSAT",0.957203443019013
"USP14",0.957157779189544
"URM1",0.957146083623754
"CAMSAP3",0.957119680055358
"NAGA",0.957076635088861
"DUSP28",0.957067446459808
"CLCN7",0.956997254730179
"PIK3CB",0.956981709176089
"TNS3",0.95696693372636
"KDM1A",0.956932275446332
"HSD17B7",0.956838264623634
"CMBL",0.956816866081236
"SNX6",0.956800929292648
"SEMA4A",0.956750822477409
"DLAT",0.956655081381717
"ORMDL3",0.956630280457673
"PRKD3",0.956596717947921
"ACSS2",0.956591568518396
"PCP4L1",0.95658935897163
"ARIH2",0.956589113568371
"ZNF576",0.956589003065035
"UBL7",0.956573422274515
"CCDC94",0.956509365404542
"SMARCC2",0.956386252458899
"ZC3H11A",0.956321910531363
"KANK1",0.956277685153355
"MAGI3",0.956236800024605
"RP11-499E18.1",0.956204186173844
"TRAF3IP2",0.956153588395919
"TARS",0.956151159391005
"RNF7",0.956095111405407
"KDSR",0.956056634689688
"ABCD4",0.95588718504273
"TMED1",0.955874907888187
"HADHB",0.955834798698434
"PER1",0.955799414059265
"BTBD9",0.955692985654501
"TMPO",0.955640768960591
"CBFA2T2",0.955632846972012
"SLC25A38",0.95560184808667
"AKTIP",0.955566950721753
"RDH13",0.955556921851673
"CDKL2",0.955544058154702
"NDUFS2",0.95549124069779
"ZCRB1",0.955433454952551
"MRPL47",0.955423209362208
"CBWD5",0.955332057378367
"PRPF4B",0.955238199230319
"PLEKHM1",0.955231253128746
"ERCC3",0.955141944731683
"PLAUR",0.955121658147116
"SOCS6",0.955091167364903
"TIFA",0.955086573166357
"RAB4B",0.955071489858248
"TRAPPC9",0.955057170775034
"MYLK",0.955035079231891
"NPEPPS",0.954985809268576
"IFT52",0.954981885116768
"PLIN2",0.954964593418228
"DOT1L",0.954948871994243
"ZNF766",0.954908187604757
"MGAT4B",0.95489712696697
"TMEM30B",0.954883207695123
"SLC38A10",0.954841859519998
"CERS2",0.954824934793755
"MIER1",0.954808236069128
"EPB41L4A",0.954791140929155
"METTL21A",0.954743018853738
"TMEM94",0.954634532133199
"DESI1",0.954624400176903
"ISCA1",0.954451576625419
"NAT14",0.954414355871935
"ZBED6",0.954392369661021
"RNF20",0.954379401251719
"USP9X",0.954373071250827
"HNRNPU-AS1",0.954368561842945
"ARCN1",0.954283789999463
"EPB41L1",0.954262828863402
"GGPS1",0.954213748177654
"CCDC53",0.954213474175205
"KDM2A",0.954170294074575
"PELI1",0.954074437448919
"FOXA1",0.954069886504043
"MVD",0.954064161226795
"PAF1",0.954060686677104
"THOC2",0.954036762042114
"BTG1",0.954030858824954
"MBIP",0.953994134432998
"LYRM2",0.953968269143432
"RQCD1",0.953880690700623
"FOXA2",0.953862947486705
"ATP2C1",0.953851150108489
"CCDC130",0.953761740095581
"GOLT1B",0.953754114870668
"MLLT6",0.95372342543846
"ACADM",0.953693051566688
"GMEB1",0.953674423520918
"MFAP1",0.953594109572408
"SREBF2",0.953565618978327
"SETD5",0.95350496983197
"ZNF704",0.953493415258748
"LRP6",0.953491562280939
"TMEM184B",0.953448238408042
"RP11-872J21.3",0.953447705898009
"LRCH3",0.953426785307546
"USP15",0.953385557380365
"SPN",0.953371145964313
"TCEAL4",0.95330165953541
"ZNF827",0.953293220494789
"SERPINB1",0.953291681174625
"TACC1",0.953247111207386
"IVD",0.953241514548801
"HIP1R",0.95322882316693
"EPM2AIP1",0.953122135550744
"UHRF2",0.95311590483097
"MRPS17",0.95311382487805
"C9orf78",0.953089102453084
"KCNQ1",0.952991916231777
"TM2D1",0.95298392947125
"CLCN6",0.952963976730141
"YTHDF1",0.952923539230712
"TFPT",0.952901044560084
"MRPL15",0.952839288845734
"PLEKHG7",0.952833704417884
"ZDHHC2",0.952828844009456
"BRWD1",0.952811475515842
"MGMT",0.952785421221867
"DUSP11",0.952698094276704
"PPCS",0.952684841662312
"CSDE1",0.952602739264427
"EXOSC4",0.952580079694322
"TATDN3",0.952579478293191
"WDR31",0.952569331857864
"KMT2B",0.952568848489598
"NAP1L4",0.952548145569367
"TRMT1",0.952547079244048
"ZBTB11",0.952447454253318
"KANSL1-AS1",0.952431491956524
"SGMS1",0.952409665306246
"SHMT2",0.952391069901329
"DRG2",0.952386376814347
"RAB18",0.952343803504928
"RNF167",0.952306236694949
"OSBPL11",0.952305572259712
"POLD2",0.952278170166216
"SUPT16H",0.952263451050279
"C4orf27",0.952229325572666
"NDUFA8",0.952221333608019
"BMPR1B",0.951868811774511
"USP34",0.951804590894369
"LAMP1",0.951799833592291
"ZNF644",0.951764645286837
"TAF13",0.951763623937164
"FAM46B",0.951728181191529
"TCOF1",0.951723855456163
"CPSF3L",0.951665365353457
"MTHFR",0.951652610487025
"TAZ",0.951649217764788
"FOPNL",0.951640348695839
"IQSEC2",0.951620699046941
"TTC28",0.951591326205895
"PHF20",0.951566142221538
"PCNA",0.95154707023342
"IDH2",0.951280912523555
"PAPD5",0.951260412227893
"ICE1",0.95126019288523
"GPX4",0.951229574381207
"SLC35E3",0.951217793507909
"AGPAT3",0.951133140967218
"CCDC124",0.951120547242593
"KPNB1",0.951105303133432
"TCAIM",0.951031565461093
"TLN1",0.950987862185521
"EBLN3",0.950977900723498
"TMEM54",0.950915297208745
"KLF13",0.950862093220915
"HSPB1",0.950839468587298
"FNIP1",0.950835564875443
"CD7",0.95082473997905
"EMG1",0.950808104991318
"UGGT1",0.95076231584908
"TRA2A",0.95073425444512
"TMEM50B",0.950707758808332
"SCRIB",0.950702450362756
"BPGM",0.950699848496023
"EIF2AK1",0.9506837716707
"PRDM16",0.950553677632464
"MAPKAPK5-AS1",0.950546948968207
"PQLC1",0.950523526923404
"PCMTD1",0.950522652629507
"AGPS",0.950512425817135
"DHX15",0.950444220951629
"CPEB4",0.950416963412165
"FAM49A",0.950406039716567
"NFKB2",0.95035830653401
"PHF23",0.950357353106102
"PSPH",0.950307121817212
"HSF1",0.950286914142101
"BECN1",0.950280325468084
"EPPK1",0.950264932831662
"TMA16",0.950251299710494
"WRNIP1",0.950248035627095
"MLX",0.950047699846875
"PILRB",0.950035815154441
"KPNA4",0.950034848838342
"COPS3",0.950015506126905
"CCNL2",0.94999903488371
"PIP5K1B",0.949981352176957
"SLC35F6",0.949975691960776
"NARS2",0.949879928679346
"APBB2",0.949874739509393
"RRM1",0.949831154243942
"PLEK",0.949733302803008
"FAM228B",0.949706908623012
"ATP6V0E2",0.949657917407967
"JPH1",0.949628688471508
"HECTD4",0.949621568652383
"FAM160B1",0.949587323487075
"SEC23A",0.949581654560513
"C1orf131",0.949532917982701
"SMPD4",0.949529877332481
"RCN2",0.949502583275731
"COMMD8",0.949486139684952
"HARS",0.94947495758844
"MYCBP2",0.949310038673821
"ZFR",0.949301240334366
"GFM1",0.94924310194875
"TP53INP2",0.949174125507648
"HNRNPH3",0.94911776498784
"MTAP",0.949008370989299
"CISD1",0.948995751832411
"ERBB2",0.948934681153373
"ATG13",0.948891113720956
"IREB2",0.948855285454833
"FUT8",0.948851310360151
"FBXO22",0.948849938139118
"EHBP1",0.948780580486096
"RNASET2",0.948714970589563
"HSPD1",0.948701459688502
"CHCHD5",0.948697456594376
"PLD3",0.948683672645764
"RP11-1094M14.11",0.948667845817128
"API5",0.948656411678963
"ANPEP",0.948635616966684
"CC2D1A",0.948601440711268
"TMEM97",0.948522205671982
"RNF217",0.948518117282191
"C6orf203",0.948508675452691
"DHX29",0.9485065500081
"NR3C1",0.948470515778703
"MAPK14",0.948468445794713
"NUDT12",0.948418001009979
"CSNK1D",0.94841010777393
"CSRP1",0.94839172910843
"MIIP",0.948336394000862
"SCARF1",0.948333964751123
"HDAC11",0.948323395206982
"ARFIP2",0.948311002700656
"FAM83H",0.948270593322398
"PAICS",0.948228362709956
"SBDS",0.948198332808996
"HRAS",0.948173053356053
"CBR1",0.948153981831963
"TSC22D3",0.948090978263099
"TIPARP",0.948074312049923
"ZBTB4",0.948057482862949
"NOTCH1",0.947979152570005
"PI4K2B",0.947929037955341
"RPF1",0.94780326330054
"AIG1",0.947770062843962
"ZNF787",0.947752359837012
"ELAVL1",0.94774607372166
"RHOF",0.947720641959094
"NKAP",0.947692007558775
"EYA3",0.94767956791379
"FAM134C",0.947668770670785
"BPNT1",0.947608558512687
"AKT2",0.947572391131165
"TDG",0.947528118318318
"SF3B4",0.947519447722411
"ALDH7A1",0.947466750956322
"SH2D3A",0.947338371878304
"TERF1",0.94727343818641
"CH17-189H20.1",0.947262092052438
"KCTD18",0.947257626508872
"NPC1",0.94723234970637
"FBXO33",0.947227944476557
"EMC8",0.947178277369701
"AKT1",0.947156724222071
"GPSM3",0.947126927956421
"ZNF664",0.947099325749621
"ZNF264",0.947020245443566
"SPTY2D1",0.947000279093311
"DHX30",0.946973630377161
"MAP7",0.946950829927392
"CHMP6",0.946927239541906
"ITPR2",0.946917288237892
"RP11-96D1.11",0.946846818513838
"WDR77",0.946839705167573
"BRD9",0.946837423747491
"SLC16A10",0.946813792490854
"NR2F2",0.94675074077066
"BCL2A1",0.946712422441187
"ATP7A",0.946710539198531
"C3orf14",0.946677135660567
"SF3B1",0.946673909301357
"C8orf34-AS1",0.946648697773907
"HLA-E",0.946626702798404
"PRKAA1",0.946611202457459
"CHMP4A",0.946596416198662
"CCDC90B",0.946570789839627
"MRPL1",0.946525450136615
"CASC3",0.946374232944054
"TOR2A",0.946345830556371
"C6orf106",0.946320095835164
"ARFGEF1",0.946312536227808
"DPYSL2",0.946238544889243
"STYX",0.94623126800328
"PTK2",0.946205480541832
"RBM5",0.94619031143808
"SETD2",0.946138013600076
"POM121C",0.946112869767527
"MAZ",0.946104725504382
"SGK1",0.946095723192862
"HIPK2",0.946052413139067
"ZC3H13",0.946009707779682
"UPF3A",0.945999188152758
"GGH",0.945971249996433
"DUSP12",0.945968661313628
"RBBP4",0.945960854731648
"GK5",0.945955565258325
"ZBTB25",0.945935794002314
"PEX5",0.945900381103129
"RABGAP1L",0.945890390822608
"TCF20",0.945869304279037
"CD302",0.945834836204571
"LYRM4",0.945834363522769
"RHOD",0.945824177684308
"WARS",0.945816879193987
"PEX13",0.945776542356927
"NEBL",0.945731890866865
"LPXN",0.945683545696799
"SLC7A2",0.945676506868567
"KCNK5",0.94565164282221
"FBXO36",0.945646931915148
"AHCYL2",0.945633165405415
"RNMT",0.945578386149841
"EHD2",0.94557639128098
"TSEN54",0.945559622167492
"CPSF3",0.94551832834238
"SERTAD1",0.945459489780944
"NUFIP2",0.94531204335334
"MYO6",0.945296481241215
"NFRKB",0.945219732695982
"C2orf74",0.945178832805139
"EXOSC1",0.94509196135848
"PRPF38A",0.945070108398342
"LPL",0.94504794531522
"BLOC1S1",0.945016617944874
"NECAP2",0.944957206377766
"LIMS1",0.94491854283749
"PIGH",0.944859293863472
"CCDC91",0.944830630004549
"MTHFD1",0.94482710912876
"ARFGEF3",0.944806671296693
"RALB",0.944702618791544
"MBP",0.944660188270293
"COPS4",0.94465378420673
"MAML1",0.944616038454941
"PDS5B",0.944613749454963
"RFWD2",0.944586336206308
"RNF128",0.944532149159048
"TBL2",0.944388801547567
"AMMECR1",0.94432868503636
"MED30",0.944283831706526
"QSER1",0.944276029503584
"MPPE1",0.944256065378815
"FAM214A",0.944235877182937
"EID2",0.94423585973667
"POMT1",0.944202446609244
"IKZF4",0.944196220914011
"RRP9",0.944185224512067
"SYT17",0.944060029562201
"C1orf116",0.944040090033537
"CHMP1B",0.944022679980663
"GAK",0.943963576302054
"GABPB2",0.943963175480533
"NFAT5",0.943962549713706
"RASSF4",0.943945987437199
"EXOC1",0.943927837749417
"MLYCD",0.943916775743269
"CHPF",0.943913509836951
"TMCO1",0.943872898790172
"TMPRSS2",0.943871901376213
"LANCL2",0.943832922080715
"HSPA4",0.943815689089664
"CDK6",0.943776796267213
"ACSS3",0.943690923005249
"C1D",0.943635840516872
"PVRL3",0.943583245721285
"NT5C3A",0.943568767959677
"PEMT",0.943495231987936
"SLC44A2",0.943490275837138
"TSTA3",0.943438078372806
"SYNJ2BP",0.943416105014935
"MMP24-AS1",0.943404807393168
"VPS37A",0.943395698574232
"SERTAD3",0.943315878085926
"REEP4",0.943310511951863
"NRIP1",0.943281431515754
"TOR1AIP1",0.943275670563375
"EMP3",0.943275610460034
"ADGRF5",0.943251196024236
"SNUPN",0.943227817559959
"GALNT2",0.943217843927736
"OSTF1",0.943171898595953
"RMDN1",0.943136183447658
"NOSIP",0.943123828747272
"ERN1",0.943103504780396
"G3BP1",0.943088478178448
"GOLIM4",0.943049790072544
"COLEC12",0.942985293466555
"MED19",0.942941796410711
"NAE1",0.942857241549167
"MTMR10",0.942798437852813
"STX10",0.942787075068348
"IL13RA1",0.942783734209059
"PPP3CA",0.942761467551974
"RAD51C",0.942757619214288
"EIF2B3",0.94273098084164
"NCBP2",0.94268997669133
"H1FX",0.942591243092736
"RALGDS",0.942589326546075
"HTATSF1",0.942585333707438
"HCFC1R1",0.942561649279375
"SEC22B",0.942540043521302
"DCAF11",0.942465113598097
"EML4",0.942432004305444
"APOE",0.942421825967927
"PSMD11",0.942400140098367
"PDCD7",0.942384437243303
"RAF1",0.942378898655139
"VCP",0.94235896259314
"SPNS1",0.94233230907081
"ARHGAP1",0.942319702156303
"METTL17",0.942296148850958
"GMPR2",0.94228802043821
"CHD6",0.942282128709131
"STXBP3",0.942281088355517
"PGAP2",0.942270877266357
"SLC39A9",0.942240927398925
"FAM104A",0.942229654141574
"MRPS28",0.942204451424552
"ZNF148",0.942204134242223
"PURB",0.942191746078452
"DERA",0.942155732534473
"JMJD6",0.942107047631886
"FAM127A",0.942085154798129
"FIBP",0.942083666663442
"CXCL16",0.942038571164526
"LINC00869",0.941967832494726
"GPBP1",0.941923142072213
"DTX3L",0.94192103430489
"DNAJA2",0.941877866324863
"RRNAD1",0.941858010432006
"SIAE",0.941814613450094
"CD58",0.941791701714998
"FAM103A1",0.941753623507792
"CYB5R1",0.941739179894669
"ERI3",0.941717909373186
"PITHD1",0.941700154370158
"ECHDC2",0.941700040190072
"PSMD13",0.941654196664006
"BROX",0.94163720346964
"AKIP1",0.941599114794469
"FBXO8",0.941553627022833
"EML1",0.941522422889415
"ARID1B",0.941519652520902
"NXT1",0.941412382801719
"TSPAN7",0.941370885596928
"EIF3B",0.941356134442297
"MMGT1",0.941313988921406
"CNOT1",0.941299922732004
"ATG4D",0.941280595253264
"MTSS1L",0.941271135754082
"HERPUD2",0.941161420069258
"GPR108",0.941159984449198
"SNTB2",0.941159527959875
"FLCN",0.941155009459898
"MINA",0.941147374133861
"PBXIP1",0.941128612535606
"PHACTR4",0.941105452957248
"FAM76A",0.941075904437467
"UBN2",0.94106955233045
"SEC31A",0.941013880798563
"LRRC59",0.941002384329957
"FAF2",0.940988335503474
"GALK1",0.940955040193202
"DLGAP4",0.940953342675853
"PTDSS1",0.940849549754124
"RC3H1",0.940774552096256
"MRPS5",0.940747290636493
"RASA2",0.940744187092633
"MITF",0.940731170501914
"FAM195A",0.940623206200367
"AAK1",0.94056531723978
"NCLN",0.940551833698999
"VASP",0.940535081392545
"SLC25A17",0.940475828729196
"GRB7",0.940460535646956
"PACSIN3",0.940446202318371
"PPIL4",0.940438324865203
"UNC119",0.940395831630364
"CNPY3",0.940363142355199
"SNRNP25",0.940241174262506
"DCTN4",0.94021929140802
"TMX4",0.940199570149747
"ZNF608",0.940187317713466
"GOLPH3",0.940180649930349
"LIN7B",0.940176311804406
"GALNT18",0.94014415518229
"NIF3L1",0.940046295995551
"RNFT1",0.940011514698272
"GOLGA3",0.940001518166922
"PTGES2",0.940001077398839
"SLC35A1",0.939959244757126
"BCLAF1",0.939956082091709
"PRPS2",0.939930432429233
"PLEC",0.939914121528085
"RUFY3",0.939890710238675
"MGRN1",0.939713957129546
"VSIG4",0.939670506092762
"TLR5",0.939665043638132
"PAIP2",0.939619954685885
"PIEZO1",0.939523980370159
"SLC25A16",0.939477786967667
"TRIO",0.939449445353709
"C9orf69",0.939441710880199
"EMC10",0.939406452721746
"PIAS2",0.939365811552899
"VWA5A",0.939351495740369
"KDF1",0.939289677938446
"LINC01272",0.939243713570419
"POP5",0.939236959759618
"PHYHD1",0.939221173388189
"ADGRE5",0.93917030709134
"WDR59",0.939144549851025
"CREB3",0.939018711264291
"GMCL1",0.93900043683965
"TMEM176B",0.938903101213239
"PPP2R5C",0.93886825256171
"NDN",0.938853905843839
"ABHD12",0.938843250083588
"AAGAB",0.938792752890507
"APIP",0.93878665538868
"MITD1",0.93874270234335
"TMCO4",0.938730016587743
"UBN1",0.93866583186309
"DNAJC8",0.938650586198961
"WBSCR16",0.938648589286564
"FOXP2",0.938645783075632
"B4GALT4",0.938640284104146
"C11orf73",0.938548690477756
"AASDH",0.938545095565825
"MTMR12",0.938448568939302
"TCF25",0.938430616674945
"SIN3A",0.938396613775821
"MIR99AHG",0.938352293555755
"ATL3",0.93834972744053
"TMEM187",0.938271420929116
"GPANK1",0.938258863452722
"SPSB3",0.938221275448463
"NBEAL2",0.938207673363568
"FHL1",0.938197515457435
"SPOP",0.938170741888572
"SLC39A7",0.93816805293751
"METTL3",0.938160527051836
"MPZL1",0.938118028667595
"BCL6",0.938081410586501
"TNFAIP1",0.938049561244509
"MOSPD2",0.938012896319589
"RRP1",0.938004332278873
"ZNF639",0.937989415703108
"SMG1",0.937960922558605
"VEZT",0.937886852887687
"KDM3B",0.937801233097583
"CD276",0.937755034327033
"SMARCA1",0.937747981717592
"REXO4",0.937729459166207
"PYROXD1",0.93771383457695
"PRDM2",0.937712670688611
"NKX2-1",0.937707849488376
"DCTN5",0.9376760516893
"TUBA1B",0.937668730714289
"TP53I11",0.937653259092668
"EWSR1",0.937589244234538
"RPRD1A",0.937478765243534
"NUDT16",0.937474674460154
"DSTN",0.937430431718839
"NDUFAF2",0.937401869518795
"CPQ",0.937391320054698
"PMEPA1",0.937390238445002
"CCNG2",0.93738173254068
"CRCP",0.937370317213637
"PQLC3",0.937323278311575
"FLII",0.937284702891458
"SCML1",0.937195682114401
"PTPN13",0.93708686313907
"ATP6AP2",0.937045366844917
"CTR9",0.937028909617677
"EIF2B2",0.937018383476404
"DCTN3",0.937006061707578
"BLOC1S6",0.936965937739615
"LEMD2",0.93694612759365
"TRIQK",0.936794941699965
"SRC",0.936778693317475
"ZDHHC3",0.936696067600311
"GABPB1",0.936614760695679
"SP110",0.936597388068202
"MAN2C1",0.936478717109716
"USP3",0.936420602710725
"ADCK4",0.93639089934165
"DBF4",0.936377257183446
"ZFYVE21",0.936366490348951
"C11orf54",0.936359000162846
"PHF20L1",0.936264147413264
"ALDH5A1",0.936177875216976
"TRIM33",0.936168150533338
"OAZ3",0.936164611760399
"SNX29",0.936091805130747
"MAN2A1",0.936083282950942
"MAGOHB",0.93608316680075
"MAPK8",0.936053149142895
"ABHD5",0.936033221771301
"HGSNAT",0.935958773021602
"KPNA5",0.935756515351848
"PHF8",0.935549761643931
"MIS18BP1",0.935512352499102
"BEX2",0.935449750097714
"FOXN3",0.9354350251662
"SFTPC",0.935378837131115
"KPNA6",0.935376291900209
"CSNK2A2",0.935373614152059
"NUP50",0.935336680692497
"DDX6",0.935302345082955
"PEPD",0.935282812052607
"RNF185",0.935277126910179
"SREK1",0.93519623175607
"ADAM17",0.935192529323991
"VPS53",0.935126818411201
"COX11",0.935106498261186
"SRF",0.935102752847199
"AUH",0.935084999982835
"PDE4D",0.935066384146603
"GUSB",0.935059916968531
"DENND2D",0.935055241682159
"C2orf69",0.93502324152031
"WDR74",0.935017566821421
"TMEM115",0.934945636626471
"TMEM220",0.934923570174199
"FAM133B",0.934843173803628
"RAB30-AS1",0.934782602093406
"FEM1A",0.934771446136705
"THRAP3",0.93472639665495
"MORN4",0.934726178219514
"SLC25A45",0.934721012090605
"CIZ1",0.934709523294925
"CHAMP1",0.934677672891968
"EVL",0.934669158294912
"COPS7A",0.934655708505559
"PUM1",0.934629448399278
"SCYL2",0.93461419208196
"PYCR2",0.934606732640265
"RALA",0.934581985534473
"MLLT10",0.934544633551653
"PIK3R1",0.93454138451481
"BRIX1",0.934534240299161
"RASGRF1",0.934475384173661
"ZMYND8",0.934471086574223
"MYH9",0.934470853882119
"MAP4K4",0.934451082211858
"ZSWIM8",0.934437402205059
"ATHL1",0.934422091922782
"GSTT2B",0.934414648602195
"PSMB5",0.934354266842086
"BCL7B",0.934337026256104
"FAHD1",0.934259012285311
"IGFBP4",0.934134938371573
"PYGB",0.934108028752309
"TMED5",0.934027125768662
"ALG14",0.934006179936669
"MPV17",0.933988264839384
"CRYZ",0.933957600867411
"FMNL2",0.93392381613194
"PPFIA1",0.933913363029062
"MBNL1",0.933872228093455
"PNKD",0.933864690597321
"TECR",0.933792641439538
"PRPF31",0.933749528799076
"ZNF720",0.93365475120784
"PCYT1A",0.933648754025998
"IFIT3",0.933612195379625
"NUPL2",0.933602932661511
"RAP2B",0.933587119602521
"TMEM63B",0.933548714969831
"DESI2",0.933523479506619
"ACTN4",0.93345646160203
"PYM1",0.933449484324349
"ACYP2",0.933440527307577
"TAX1BP3",0.933437958923525
"FAM50A",0.933322506700136
"IL17RC",0.933292602476716
"HSCB",0.933285375857417
"ITCH",0.933273705240087
"RNF40",0.933245957599216
"PHYH",0.933209607886824
"PRKAG2",0.93320905646989
"DYRK2",0.93320812178617
"SPRYD3",0.933180506567031
"ZNF451",0.933091353419563
"ZFP36",0.933090922216756
"SACM1L",0.933058499707714
"ZCCHC8",0.933033181552263
"CNOT4",0.933032555236379
"USP54",0.932979003104306
"WWC3",0.932964471692872
"PES1",0.932949945344783
"CSNK1A1",0.932914901511929
"MBD5",0.932845596402592
"SLF2",0.932837226675552
"RBBP8",0.932829985622176
"ITPRIPL2",0.932767427633566
"FZD3",0.932690605293636
"PRKRA",0.932654059993582
"TANC2",0.932645957632406
"SULT2B1",0.93264139593981
"KLF9",0.932620587920521
"FBXL12",0.932583587007558
"BTRC",0.932547394873747
"TGFBR1",0.932536798137402
"LAP3",0.932533204661117
"CUL5",0.932485078900126
"MRPS16",0.932362915063595
"HIF1AN",0.932332783935499
"RFX1",0.932324801306626
"TULP4",0.932205612763771
"DOPEY1",0.932180515656335
"ADD3",0.932132997266099
"TRIM44",0.932084166689446
"NRBF2",0.932049220761492
"KHDRBS1",0.931975762373843
"LINC00657",0.93195861571009
"RAB5A",0.931931233077459
"AXIN2",0.93192181799545
"MAPKAPK2",0.931916845306278
"TBC1D22A",0.93189349001002
"MIB2",0.931876394111783
"ABCA3",0.931801632779292
"AAMP",0.931794201669605
"PPIL1",0.931753343086106
"RNF141",0.931540119935242
"SETD9",0.931524072937478
"INAFM1",0.93152001545167
"DNPEP",0.93151739614745
"PER2",0.931471360233048
"ITPKC",0.9314434691759
"BABAM1",0.931371504358103
"LGMN",0.931364283865126
"CTSB",0.93132903110111
"RAB9A",0.931311118797718
"UPF1",0.931299144239825
"UGGT2",0.931266131842335
"NUDT7",0.931210932175751
"PHF3",0.931162783468217
"MAPKAPK5",0.931120834294286
"COG8",0.931111124590565
"ESD",0.931097749432167
"CTSZ",0.931034450904958
"MAP4K3",0.930990816910465
"UQCC3",0.930960298940522
"JAGN1",0.930949857935405
"TNNI2",0.930928955000742
"CCDC68",0.930900681717512
"SNRPB2",0.930862803410017
"EDNRB",0.930701697450139
"PSMA3",0.930694057065958
"PTPN4",0.930670926534157
"ELP5",0.930656243810416
"RNH1",0.930654300179318
"NUAK2",0.930624591238696
"PRDX1",0.930502376967694
"RBMS2",0.930481639489858
"CRYZL1",0.93041722432776
"CD2AP",0.930386854437277
"HIPK3",0.930302622395121
"NRDC",0.930283551629377
"SNHG7",0.930277277650086
"VPS13D",0.930256930480361
"NTPCR",0.930246919314783
"ARL6IP5",0.930228367930488
"SUDS3",0.930197336317182
"LDLR",0.930180274870785
"WHSC1L1",0.930165515838364
"MTFR1",0.930138598359384
"XRN1",0.930110389462211
"RASSF5",0.93006475200443
"DHRS3",0.930030993774608
"TK2",0.930022125557776
"POLR2E",0.930003159036546
"AAMDC",0.929960577720858
"AGO2",0.929955797634175
"KDM4A",0.929899457379837
"ISOC2",0.929854437784566
"PJA2",0.929850256756696
"PPP1R15B",0.929839506470023
"MOCS2",0.92983299065387
"GPX3",0.92980896847207
"SNX19",0.929786989598115
"HNRNPD",0.929699221105461
"ATP11A",0.929683396435603
"MFSD14A",0.929587486587892
"PRKDC",0.929560626612902
"SMPDL3B",0.929508626823902
"TMEM106B",0.92949489451522
"SKIV2L2",0.929482015159213
"CD9",0.929476663283042
"MTRF1L",0.929444718577399
"MACROD1",0.929425950021471
"CCT3",0.929371214948075
"SPINT1",0.929357546847504
"CASP8",0.929325480773771
"PSMD2",0.929296900486024
"FEM1B",0.92929411410881
"ZBED1",0.929269249772751
"TRIB1",0.929260246942523
"ZNF655",0.929235980049411
"C19orf54",0.929208827878092
"ARHGAP31",0.929155069206726
"LITAF",0.92913217895756
"DCAF16",0.929130723186566
"MVB12A",0.929108429506116
"PTPN14",0.929077199997061
"TRIP10",0.929068149367628
"CYB5R3",0.929041177214568
"NSMCE2",0.929017258756854
"RPAP2",0.928997732197009
"RALGAPA2",0.928968209863082
"EFNA5",0.928954571984959
"SPATA13",0.928933059243196
"CHD3",0.928921307211696
"RANGRF",0.928822021378567
"KIAA0907",0.928818236552945
"SSSCA1",0.928813398483698
"IL2RG",0.928808878193851
"BDH2",0.928779957882518
"DEDD",0.928712014251625
"C5orf56",0.928651811080411
"VIMP",0.928611784005763
"WDR1",0.928607924530557
"APLP2",0.928508429136937
"CTSO",0.928504481957426
"SHTN1",0.9284736415086
"PFDN1",0.928471443684355
"WIPI1",0.928461441760533
"ATM",0.928457973512044
"NUBP1",0.928430865139142
"MRPS35",0.928419654467676
"PTGER4",0.928391001144921
"COPS2",0.928313495901678
"TCAF1",0.928298382399252
"KAT6A",0.928255389134238
"NSL1",0.928244826144946
"HLA-DRA",0.928193069109461
"DTNB",0.928177350669445
"ST3GAL1",0.928163380147178
"EIF4E3",0.92812818396024
"SLC22A3",0.92810513929591
"SRPRA",0.928088132135618
"SCD",0.928065033313252
"SPIN1",0.927975712035604
"HCFC1",0.927944735752776
"SKAP2",0.927933957963541
"R3HDM2",0.927905544257939
"L3MBTL4",0.927833110418218
"PIK3CA",0.927830506994771
"STT3A",0.927827596378192
"GLOD4",0.927819587460104
"ARMCX6",0.927809846067809
"KCTD10",0.927730736843425
"PDXK",0.927714869051154
"TKFC",0.927631063833659
"ARL5B",0.927596254177325
"TLR2",0.927539020006195
"PIH1D1",0.927432454463075
"GAB1",0.927368887715236
"DNAJC2",0.927365857843006
"TMUB1",0.927327730486148
"COL27A1",0.927307029374478
"SLC22A31",0.927133230302265
"KIAA2026",0.927112352331105
"DPP9",0.926970606579992
"PTPN18",0.926956349847852
"SGPL1",0.926942593918563
"RP11-140K17.3",0.926908532347387
"KRR1",0.926888905966437
"THTPA",0.926875695485611
"TTC39B",0.9268250737392
"SCAND1",0.926746142062205
"SDCCAG3",0.926645658490936
"ZBTB33",0.926639823991309
"PFDN6",0.926638644774233
"BCL2L11",0.926636663577587
"UFD1L",0.92662040415944
"TTC19",0.926578453057358
"PRR14",0.926555639057507
"CCT5",0.926554115222767
"PINLYP",0.926545820787115
"VAT1",0.926541600189095
"UBR1",0.926506318669786
"STIP1",0.926361364930455
"MRPL10",0.926340437430704
"RAI14",0.926337667232802
"IWS1",0.926245786725881
"ARL4A",0.926136057938425
"PDCL",0.926120799220729
"RBM12",0.926114538717306
"GMFG",0.926081744690019
"SLC27A1",0.925981874147765
"WDR75",0.925958686724712
"RBKS",0.925936494862587
"STAT3",0.925814603524016
"LSM14A",0.925784859088779
"ATF5",0.925783033841666
"KMT2C",0.925754045923542
"TPR",0.92574126758171
"LAMP3",0.925733095652825
"PRPF19",0.925671795083797
"DEDD2",0.925646648972801
"DHX36",0.925639446161288
"CLCC1",0.925608165010712
"MRPS26",0.925573923008796
"IQGAP1",0.925477130116878
"LRCH4",0.92546999418582
"CADPS2",0.925463962726998
"CALU",0.925428135363799
"PLGRKT",0.925355481101923
"SNAP23",0.925327451329535
"TBCB",0.925319055704504
"DYRK1B",0.925262093077243
"YIPF5",0.925241036028212
"ANKRD27",0.925227991624571
"FLJ20021",0.925206469238657
"DAG1",0.925186169634513
"SNW1",0.925148287214257
"TNPO1",0.925137160054726
"VPS13B",0.925121071464206
"RBFA",0.925096531107319
"IDH3A",0.92506630484451
"ANTXR1",0.925056534761102
"ADAM15",0.925050970033462
"ARL14EP",0.92503152529285
"ICA1",0.925027709246139
"ZDHHC20",0.92499459976213
"GNAQ",0.924989585174857
"AGAP3",0.924983444126208
"GGT5",0.924880622560209
"MMS19",0.924876810867023
"CBR4",0.924842902508998
"BPTF",0.924790558468548
"CYP27A1",0.924567608790538
"TTC3",0.924564856625338
"PIM1",0.92454586933928
"SPTLC2",0.924493343186495
"NME6",0.924472786868171
"FBXW4",0.924471564242474
"BTBD6",0.924340206676524
"STK11IP",0.924328278913666
"DNMT1",0.924319753464712
"MECOM",0.924315397129539
"TSPAN31",0.924302781890764
"TM9SF2",0.924227194272606
"KLHDC3",0.924128111926725
"USP36",0.92412271623415
"FAM110A",0.924060301721354
"ZBTB40",0.924001707637185
"PABPC4",0.92395766351447
"AP1S2",0.923944875941907
"DCAF8",0.923872072476618
"APPL1",0.923809906152639
"IRAK1",0.923764399368543
"PIGG",0.92374289480554
"BRD7",0.923582591395686
"CREBRF",0.92350832654959
"NMRK1",0.923497484330993
"HPS1",0.923475402025158
"HEBP1",0.923465585617915
"TWIST2",0.923432710032763
"DDIT3",0.923347304318761
"UBA2",0.923342353856804
"NAT10",0.923335554964299
"NIP7",0.923304581737747
"LIAS",0.923289222029925
"C5AR1",0.923269679928287
"YWHAG",0.923246801828233
"TMEM87A",0.923222653713556
"CDC5L",0.923209926392076
"IARS",0.923193344381783
"POLK",0.923134770035858
"BAG6",0.923096484443585
"NRBP1",0.923059492676504
"FAM58A",0.923045727332812
"CTD-3252C9.4",0.923015852508361
"TRAK2",0.92299742638505
"ULK4",0.922979765902369
"SEPT10",0.922910834041735
"TMEM80",0.922831625853393
"EIF4EBP2",0.922800719793132
"TFRC",0.922746722067615
"ATXN2L",0.922702189959118
"CNOT11",0.922679785957968
"SNX24",0.92267661400687
"CTSA",0.922627954716142
"PLBD1",0.92260081973612
"IFT20",0.922534676708464
"OSBPL1A",0.922455015009343
"CANT1",0.92244922566095
"EBP",0.922440584527636
"CENPT",0.922331541878288
"GULP1",0.922288465843801
"EIF5B",0.922286291163811
"NXT2",0.922270015451292
"STT3B",0.922257460716223
"TSNAX",0.922166921022639
"PLA2G15",0.922163221772437
"IFI44",0.92216106467712
"CLIC4",0.922111277047623
"GATA6",0.922106617225636
"PSMD3",0.922096257714301
"SCNN1G",0.922071690815389
"DSCR3",0.922046721749175
"SORBS3",0.922034806454632
"SH3BGRL",0.921967988106337
"PPP1R7",0.921898938229684
"STEAP3",0.921898614080741
"ACTR3",0.921876546249633
"DENND1B",0.921828673447596
"TYW3",0.92179854071183
"SCARB2",0.921745687955571
"INSIG2",0.921723154987826
"NUDCD2",0.921689285382022
"GFPT1",0.921644355287195
"ZNRD1",0.921619376085942
"ZPR1",0.921603546395022
"ZCCHC10",0.921587851215429
"DNAJC3",0.921579177529423
"PMPCA",0.921568734850442
"BPHL",0.921435653299449
"TMEM70",0.921415933940094
"NPTN",0.921404833917986
"LDOC1",0.921351277392594
"TMEM214",0.921348509220083
"NNT",0.921348215000066
"ICK",0.921314262944795
"MAGT1",0.921295698267728
"PBX2",0.921228394331502
"COX6A1",0.921144716619917
"TMEM138",0.921109421006307
"MRS2",0.921098262832812
"ABHD14B",0.921096771378862
"LYRM9",0.921047545614471
"TDP2",0.921045752829994
"HNRNPC",0.921038742903774
"FAM3A",0.921028911004664
"DERL1",0.921008561804983
"XPOT",0.920957994324895
"B4GALT3",0.920951897032032
"PTOV1",0.920942573460565
"RGS12",0.920847756498075
"RSRC1",0.920736836329633
"CHST11",0.920734052365956
"KIAA2013",0.920722524894484
"TPSB2",0.920720697796092
"GGCT",0.920684908074892
"LIG3",0.920672112713053
"TPBG",0.92064589790833
"RP11-582E3.6",0.920622283051563
"GNB1",0.920613583600845
"SCO2",0.920574144654888
"LTV1",0.920524949666787
"HEXIM1",0.920440358717045
"ERICH1",0.920419076800458
"GOLGA7",0.920400495973049
"MZT1",0.920384572433982
"YARS",0.92035060850324
"SMAD3",0.920322699150684
"TOM1",0.920259723508522
"SLC39A6",0.92017712887787
"CALCOCO1",0.920173225459326
"NFIA",0.920164182763888
"BIRC2",0.9201640350561
"CARM1",0.920156958174674
"SMARCA5",0.920152078392066
"PLAGL1",0.920150192003461
"SEPW1",0.920140533791668
"ANKRD28",0.920135376177243
"PPP2R2A",0.920080204988939
"ARRDC1",0.92000251023124
"STK11",0.919970371935875
"JUP",0.91986883937689
"TGFBR2",0.919770770552678
"ZNF326",0.919743773720167
"ATF7",0.919727630733885
"TMEM11",0.919702113828855
"ZNF76",0.919616982973282
"ROR1",0.91957040337416
"SUPT20H",0.919561770697374
"NUB1",0.919559668284588
"PARM1",0.919444724048852
"SMCR8",0.919375371146752
"ETS2",0.919309110492133
"GATC",0.919292194793969
"FBXO28",0.919291308362765
"NCOA2",0.919234433607243
"POLR2A",0.919233972889107
"CLDND1",0.919217782178095
"AATK",0.919185355637963
"BNIP3",0.91917427620794
"GATAD2B",0.919102849837058
"PEBP4",0.919099400871579
"MAPK3",0.919097586564638
"CFD",0.919079179301826
"CCNY",0.919019354792116
"PARP9",0.918990974928631
"CORO2A",0.918969694334652
"NDUFB6",0.918893476871476
"ZNF274",0.918853951317771
"ZFAND2A",0.918851980139025
"NFKBIZ",0.918812038949952
"CBWD1",0.91881142631462
"PON2",0.91880830224788
"MUL1",0.918763524273805
"CBX4",0.918651449118857
"MAN1B1",0.918637915547423
"SFPQ",0.918628118833491
"CHCHD1",0.918612801330387
"EHF",0.918601346593229
"TPST1",0.918537286689623
"PSMD5",0.918501577681398
"ANKLE2",0.918476208044304
"EFCAB6",0.918463945992853
"HECTD1",0.918460894739742
"DMXL2",0.918448338254437
"TXNRD2",0.918437588829835
"ACADS",0.918367531340753
"TOR1AIP2",0.91833185928762
"SORL1",0.918296568208982
"ACBD6",0.918232293805703
"DDX46",0.918230365661519
"MKLN1",0.918145953594086
"IVNS1ABP",0.918108441814513
"CYTH2",0.918037880958678
"AIDA",0.918034118020206
"PSMD14",0.91801155801425
"TMEM208",0.918010844964979
"SZRD1",0.917988846938324
"VAMP8",0.917909877089951
"SYS1",0.917893517514658
"PIN1",0.917832524588166
"NFYC",0.917804568325587
"ELF1",0.91780326917383
"MAP3K5",0.917770751419566
"ANKRD50",0.917766386303228
"MKNK2",0.917698792453928
"SERP2",0.917666540721106
"TBRG4",0.917600650154812
"YTHDF2",0.917599436929312
"DDX56",0.91757069744932
"STIM2",0.917542368497692
"PPP2CA",0.917540749611261
"MIPOL1",0.917526586674847
"SRRT",0.917486226229808
"ARMC9",0.917420128453817
"MRTO4",0.917402288907163
"PYCARD",0.91738244385073
"JKAMP",0.917373584266325
"CEBPG",0.917360915210128
"ARID4A",0.917314546699024
"PNISR",0.917194407876201
"CREB1",0.917139469633445
"DDX54",0.917094777106257
"FBRSL1",0.917086747595399
"UBE2V2",0.916960988850984
"VPS26A",0.916889010276845
"APBB1IP",0.916822463270041
"IFRD1",0.916818324157479
"RETN",0.916787508346971
"PDE8A",0.916753970386658
"EPB41L3",0.916681469143351
"PSMD9",0.916653781760166
"RAP1GDS1",0.916647879460119
"HSD17B8",0.916561802200177
"ROCK1",0.916555974330242
"CCL18",0.916532232083922
"LAMB2",0.916494758858275
"VPS29",0.916414704030451
"XPNPEP1",0.916332246804966
"ARV1",0.916311811837281
"MLPH",0.916164507564318
"ZFAND6",0.916157856158609
"RBMX",0.916139212424414
"CXCL3",0.916131913871186
"DNAJC21",0.916131800733011
"FNIP2",0.916010741466967
"MBNL2",0.915985171344154
"MYD88",0.915950971562107
"DERL2",0.915947335600268
"TSPYL1",0.915859708313793
"ATP8A1",0.915732281857394
"FAM89B",0.915732037485178
"FAAP20",0.915728162958062
"ETV3",0.915696839368204
"EFTUD2",0.91569633252275
"USP42",0.915662164203956
"HNRNPL",0.915620326199735
"CEBPZOS",0.915606682320417
"NIFK-AS1",0.915424175968228
"VDAC2",0.915323267009222
"WWP1",0.915313834524368
"NAT9",0.915156590791618
"ZDHHC13",0.91514923628276
"LRG1",0.915081735010651
"IGSF8",0.915057858860541
"STXBP2",0.914997653758108
"CDYL",0.914945822066052
"NELFA",0.914930656640069
"GPI",0.914770540149725
"AUP1",0.914726829166462
"NDUFA1",0.914712894785249
"NOP16",0.914710996707497
"ARHGEF16",0.914691462951752
"RHOB",0.914690954740784
"FUBP1",0.914623028715444
"UTP3",0.914618914234177
"CLDN12",0.914499581257449
"MEAF6",0.914481525327625
"DENR",0.914459669940883
"ZNF26",0.914427101998856
"TMEM57",0.914419681292829
"SP100",0.914418291206619
"LAMTOR2",0.914357771964326
"CTNNBL1",0.914315662700955
"ARF6",0.914271269898168
"RAB11B-AS1",0.914268555575684
"BANF1",0.914258511497021
"MAP2",0.914226412118237
"SNX7",0.914163389285496
"OGFOD3",0.914161693483423
"DPH7",0.914144268990459
"MYO5B",0.914109862670473
"SLC45A4",0.914103026586075
"SAC3D1",0.914045179954056
"SLC41A3",0.914031533017136
"ZNF618",0.913998259278324
"LTBP3",0.913987764253313
"RITA1",0.91396091871093
"DNAJC9",0.913921660899505
"PEA15",0.91391929791023
"BCAP31",0.913907561300372
"SNX18",0.913880655696876
"IKZF5",0.913868420043212
"RBM42",0.913864323441895
"FDFT1",0.91385585230977
"AHR",0.91381826769918
"CGGBP1",0.91376720305022
"FAM136A",0.913737394803665
"TMEM203",0.913723397553122
"SLC35B1",0.913697483757568
"COMMD3",0.913683635862396
"RC3H2",0.913626399229178
"CRY1",0.913538524601585
"CD4",0.913530520459232
"MYOF",0.913505724889903
"KIF5B",0.913498796428073
"DR1",0.913476185416205
"CDV3",0.913471197532883
"MKNK1",0.91344503651082
"SLC4A1AP",0.913430793601078
"PPTC7",0.913362999197038
"CRTAP",0.913343201399804
"BRD3",0.913287717454996
"SNHG12",0.913265663427729
"OGFR",0.913206576117436
"PDXDC1",0.913194736043933
"CENPC",0.91314037464374
"ADSSL1",0.913047889316783
"ZNF263",0.912893737977024
"SRSF11",0.912893078177006
"TMED7",0.912888004886455
"RABGAP1",0.912887363189047
"SLC35C2",0.912880401376632
"UFSP2",0.912853634546503
"HSPA5",0.912850065222326
"RASSF1",0.912808115011769
"TNRC18",0.912783569967492
"COL4A3BP",0.912741994679251
"CDC123",0.912692775264149
"MAP7D1",0.912651014455709
"PPP1R12C",0.912610672020401
"C8orf33",0.912554202516953
"ABCB7",0.912539427730773
"RREB1",0.912534214134144
"HEBP2",0.912511391146211
"CCZ1",0.912505881884544
"ENDOD1",0.912490911976659
"EHMT2",0.912374269197925
"SCRN2",0.912364821338414
"ME2",0.912275658556658
"OSBPL9",0.912254616941503
"RTF1",0.912229757539272
"RICTOR",0.912216548525865
"IKBKG",0.912095685413418
"TM2D3",0.912091266479691
"UBE3A",0.91204649946119
"CCT6A",0.912035188437091
"MYL5",0.912017354717564
"GLUD1",0.911963985131947
"COLGALT1",0.911931067176212
"MRPL17",0.911910693405574
"MARCH7",0.911880335616694
"RPA2",0.911801598431445
"TIMM50",0.91179038302392
"EIF6",0.911768251331173
"ZMAT5",0.911722456218067
"TSC22D4",0.911700181043388
"ITFG1",0.91165731275231
"ARID5B",0.911634459411594
"WDR70",0.911619886741086
"ABI1",0.911612893267497
"TMEM223",0.911603904674676
"ERCC5",0.911580325208733
"SMIM14",0.91157688696376
"SLC11A1",0.911562563690962
"CPSF7",0.91151545456054
"PPIG",0.911477968878561
"GPALPP1",0.911393335381202
"NIPBL",0.911365503039732
"ANK3",0.911356486226908
"LUZP1",0.911335557147744
"CYB5D2",0.91128134100524
"ZMYM4",0.911262202614594
"OBFC1",0.911219705270577
"ARL6IP6",0.911116746796275
"UBC",0.911112071632369
"GLB1",0.911053199692055
"BID",0.911038575096421
"PDHB",0.911017757646175
"MPZL2",0.911011523282906
"SLC44A3",0.911006140020211
"MANBAL",0.910984815444263
"GLO1",0.910966454265061
"NMT1",0.910913172065404
"UBAP1",0.910869280259501
"OLR1",0.910820969963776
"FAM177A1",0.910818043217454
"ARPC5",0.910751998807096
"USP5",0.910724570415089
"ZNF462",0.910696775618741
"CD2BP2",0.910691106662144
"THAP9-AS1",0.910660321360026
"STX18",0.91056378477688
"PID1",0.9104867630212
"WWTR1",0.910415377455507
"HLTF",0.910408486719831
"AP1S1",0.910398579307959
"TMEM245",0.91039525489041
"GSTA4",0.910371782681406
"MVP",0.910343953472052
"POLR2F",0.910330686835204
"NUDT1",0.910310612468221
"COL4A5",0.910225263380597
"CGRRF1",0.910211326141732
"SNAPIN",0.910155989233292
"LIPA",0.910140851528308
"EXOSC5",0.910091174319458
"TMEM161A",0.910046607433167
"CLTB",0.909994352447611
"DGUOK",0.90996900401654
"SYF2",0.909875260644739
"NDUFB3",0.90987165134996
"TSC22D1",0.909841433790033
"HELZ",0.909837988490444
"XRCC6",0.909821339248241
"GCN1",0.909810947862047
"PWP1",0.909808505438256
"AMZ2",0.909780256310427
"RP11-390E23.6",0.909775054886467
"PARP6",0.909774254819039
"TRAPPC13",0.909713826817489
"IL4R",0.909660854528019
"HACD2",0.909626648137953
"AP1B1",0.909615979777132
"ADSL",0.909489405021331
"APOC1",0.909446289803263
"SPECC1L",0.909435605033052
"RAB11B",0.909418190120034
"EHD4",0.909365218917611
"CD52",0.909364100484402
"ALKBH6",0.909353313180547
"S100A8",0.909345574642086
"MTMR3",0.909267052467913
"TRAPPC3",0.909258042007969
"LNX2",0.909197292866699
"ITGB1",0.90915343710303
"DUOX1",0.909132881040562
"YWHAZ",0.909097782077284
"SLC25A32",0.9090832525592
"ZDHHC11B",0.909082141355217
"RCC1",0.909071427122842
"ARFIP1",0.909064978150801
"EIF4A3",0.909026513979651
"KAT7",0.908954627337509
"PLXND1",0.908945970365182
"TMEM165",0.908842019484042
"PACS2",0.908831939332053
"PLXNA3",0.908828617121083
"RAB3GAP1",0.908816788213056
"VEPH1",0.908811667602989
"TOB1",0.908797332296669
"CASP8AP2",0.908786855483826
"IFNGR2",0.908751992409592
"ASH2L",0.908743839604984
"RBM15B",0.908738202076995
"DKC1",0.908658121494273
"ZBTB22",0.908594375715881
"C15orf61",0.908577017739713
"FXYD5",0.908395669253201
"TMEM69",0.908392541634262
"ZCCHC17",0.908323598610781
"E2F4",0.90832014247793
"ARHGAP12",0.90829269904856
"RRN3",0.908283713136265
"FGFR3",0.908231306511732
"RP11-758H9.2",0.908211898777053
"SORT1",0.908167306451559
"DLGAP1-AS1",0.908134798015337
"PHF14",0.90812808007205
"HDHD3",0.908121120369848
"ASXL1",0.908075311442359
"EAPP",0.90806577354496
"CFDP1",0.908002089343325
"PTGFR",0.907965306827644
"STRN3",0.907915201265026
"MIR22HG",0.907887836996603
"C16orf91",0.907877355244928
"MT1X",0.907874861026967
"LHPP",0.907784018005881
"PTMS",0.907777489429895
"YAF2",0.90777075222143
"MTRNR2L12",0.907761077206471
"RP9",0.907714974627682
"SPAG9",0.907699058738785
"TSPAN3",0.907691379998514
"PSMA6",0.907627980622561
"CCDC122",0.907621953240022
"POLM",0.907589600169832
"STK24",0.907580310051877
"STRADB",0.907534025424424
"COA1",0.907526255132831
"FKBP11",0.907515844801362
"NDUFA6",0.907503853544706
"HUWE1",0.907488338412458
"CLTA",0.907454545501992
"RP11-793H13.3",0.907452976904731
"PSPC1",0.907427887815357
"DAB2IP",0.907389378357803
"TMEM161B",0.907274608160187
"HNRNPLL",0.907226591401936
"WDR81",0.907220697330851
"CD320",0.90715188495443
"RAB1B",0.907119106610592
"RAB21",0.907109555949879
"PHAX",0.907095256958575
"SRSF2",0.907058908934924
"FGGY",0.907053330063006
"CYFIP1",0.906927299508
"BFAR",0.906870326913906
"PLPP1",0.906857481145759
"GCSH",0.906851031806442
"CHM",0.906828474544874
"MAEA",0.906817912069724
"SELO",0.906748464854849
"HIBADH",0.90667030181645
"INPP4A",0.906665391796622
"TBC1D4",0.906634341811246
"EPC1",0.906622926534582
"MADD",0.906599917465592
"OGDH",0.906584288384292
"GTF2F1",0.906487851965717
"KLC1",0.906452706516938
"SMPD1",0.906446697972806
"HIST1H4C",0.906431268540739
"KMT2D",0.906384300207205
"ZFC3H1",0.906373338051152
"SLIRP",0.906366753548412
"APOPT1",0.906342392394243
"SUCLG2",0.906332281452992
"ZMYM3",0.906256670684225
"DHRS12",0.906238968083774
"CLN8",0.90621765096512
"XPC",0.906173393369328
"MPC1",0.906069512549211
"KIDINS220",0.906064389470193
"PAPOLA",0.906049239015424
"RHOG",0.906018245913606
"STARD3",0.905969545634777
"RIMKLB",0.905939068850382
"STAM",0.905902399991517
"USP25",0.90589723238886
"CNOT8",0.905893301478927
"KLHL21",0.905889127143026
"PCCB",0.905869099529186
"DCPS",0.905796295193036
"TMEM260",0.905721721645692
"TPMT",0.905689012780795
"VBP1",0.905671233209141
"SUMF2",0.905622756329041
"SGSM2",0.905550986608545
"GBP4",0.905514763122919
"ZFAND3",0.905458136896618
"PLEKHB2",0.905438776758531
"MTIF2",0.905425960414892
"C16orf62",0.905394586170646
"TFAM",0.905384460630712
"AFF1",0.905381900389308
"TCF7",0.905335497039579
"HMGXB4",0.905309769924627
"NPM3",0.905245202396357
"REEP1",0.905192805649683
"PNRC2",0.905184430272183
"ENY2",0.90515330218961
"ECI1",0.90513483603382
"PRKAB1",0.905133750865265
"COMMD9",0.905104441537684
"SNAPC2",0.905077293481035
"RBM25",0.905068400406282
"SNHG15",0.905038544171497
"SDHAF4",0.904964961408039
"PDIA5",0.904957070305412
"SAMD1",0.904956745711277
"SECISBP2L",0.90495042483191
"PCMT1",0.904948256489655
"BTC",0.904929695824097
"BAG3",0.904920711322874
"G3BP2",0.904910566686817
"CTNNBIP1",0.904907071523952
"TMED4",0.904889355231729
"TGFBI",0.904888905210563
"NUPR2",0.904881180176295
"CREM",0.904849333714482
"TMEM192",0.904786976771546
"TADA3",0.904765414072396
"TMEM50A",0.90472505217421
"RHOQ",0.904710887539128
"SKIL",0.904516982325437
"STK17B",0.90446023996667
"YWHAE",0.904426922552201
"MRPS27",0.904417537555365
"LRPPRC",0.904357949467653
"WIPF1",0.90429790411419
"UBQLN4",0.904282417471816
"C3",0.904268191682201
"PAK4",0.9042600030505
"EID1",0.904197415382266
"HEXB",0.904168817345482
"CRBN",0.904151765651199
"CSE1L",0.904126350053126
"ANKRD65",0.904088833121605
"DGAT1",0.904001151040605
"PBX3",0.903996924975862
"SHISA5",0.903859588656724
"CAPRIN1",0.903828885205067
"ACAA1",0.903815915068925
"IRF2BPL",0.903747146782113
"B4GAT1",0.903691805812636
"TIMMDC1",0.903658559295192
"TANK",0.903550581731271
"ALKBH2",0.903485619981873
"IFITM2",0.903469132033053
"SNX8",0.903419219355309
"ZNF768",0.903409320469064
"STX12",0.903390566905865
"PAQR7",0.903365560453797
"THADA",0.903347992866177
"XPO4",0.90328252236348
"SMIM10L1",0.903239770356308
"WHAMM",0.903163583861641
"CIC",0.903162630452453
"CLDN7",0.903156578229269
"DCAF7",0.903156426093741
"AP1G1",0.903125898423438
"MRPL23",0.903120931552922
"CECR1",0.903096578096191
"TRAP1",0.902902126144319
"CYP1B1",0.902888847293566
"TMEM106C",0.902877744060765
"ECHDC3",0.902850462245586
"UTP18",0.902837303805476
"KBTBD2",0.902553591397892
"ARHGAP27",0.902544411308659
"ERGIC2",0.902540818004964
"CAMTA1",0.902464419223745
"METRNL",0.902435288969995
"TMEM251",0.902415842263042
"NFS1",0.902357837625091
"ADRBK2",0.902337677118357
"PIN4",0.902332212341165
"CALM3",0.902291755364334
"ACSL3",0.902281779366146
"ABCC4",0.902274896563392
"DRG1",0.902252595259368
"NINL",0.902223782991838
"PI4KB",0.90221799874912
"ATP5G1",0.902190024132691
"AKAP17A",0.902108788576936
"PTTG1IP",0.902104937562292
"MAP3K4",0.902079634775824
"ZC3H8",0.902060298352898
"CASD1",0.901998025212414
"TIMM10",0.901989723153131
"GOLGA4",0.901975124535174
"CASP7",0.901942689687952
"RPUSD3",0.901936993258665
"SUZ12",0.901924437084307
"ZNF276",0.901891030184866
"RAE1",0.901887029957035
"UBE2L3",0.901804077533514
"P3H2",0.90170592707951
"ICT1",0.901696602379658
"HS2ST1",0.90168700388429
"BTF3L4",0.901673205188947
"PSMC4",0.901668662046409
"JADE2",0.901654812825846
"C1orf174",0.901488728451639
"ASAP3",0.901487616029335
"MPP7",0.901469845163461
"ECHDC1",0.90143856021697
"LDLRAD4",0.901347413420509
"PSME2",0.901304485541995
"NCOA1",0.901247286906343
"AASDHPPT",0.90118889267503
"PHC1",0.901165329203739
"SGMS2",0.90109254494406
"SETD7",0.901057037371786
"NT5C3B",0.90100865748035
"PKP3",0.900996538172811
"PROSC",0.900988780995758
"RNF44",0.900986821212919
"MMADHC",0.900943409031808
"ATRN",0.900934997480921
"BCKDK",0.900747433773498
"TRMT2A",0.900714434677625
"USP7",0.900679824102907
"PSMG4",0.900612987676427
"DNAJB14",0.900531152594561
"KAT2B",0.900473675555466
"RMDN3",0.900455209597079
"DNAJB1",0.900448432855882
"DNTTIP1",0.900446179905543
"MECP2",0.900402448187831
"BAD",0.900380499244862
"RNASEK",0.900376053595575
"GABARAPL1",0.900372655409623
"ELOVL1",0.90035501440695
"KCNJ15",0.900315999492084
"GIPC1",0.90031378875334
"NUP107",0.900278555768336
"MED4",0.900223336446105
"FBXL5",0.900175685350716
"PVRL2",0.900169979716659
"RPL6",0.90012047742136
"RBL2",0.900106002730096
"COPB1",0.900044252643908
"KRAS",0.899934727371562
"MFSD13A",0.899665041229396
"DLD",0.89964468473771
"KLHL7",0.899632569164277
"RCOR1",0.899598412466524
"TRIM23",0.899590398515145
"CD40",0.899563329128023
"TRAPPC2L",0.899541259983542
"MXI1",0.899510834130207
"RNF19B",0.899498379911856
"YME1L1",0.899462468223656
"ARPC1B",0.899440885829353
"CNOT10",0.8994098885129
"RSRC2",0.899347452260115
"CEP57",0.899324357704165
"NBR1",0.899282775507744
"MARCH2",0.899135493548367
"DDRGK1",0.899102852879296
"HAUS2",0.899049263670118
"KARS",0.899005920069266
"IDE",0.898988179910537
"MINOS1",0.898947493491764
"FAM53C",0.898879771562681
"SHFM1",0.898858727500231
"EPS8",0.898803017296005
"MMP28",0.898776074355447
"PRNP",0.898711014465969
"KIAA0513",0.898656113357326
"RBPJ",0.898576449546195
"MAP1LC3B",0.898551190321128
"EIF4E",0.898516412519329
"RRAGC",0.898514034131129
"SZT2",0.898469982649799
"WTAP",0.898442567186441
"RAB20",0.898430974181402
"ADCY9",0.898393851979354
"ATP5B",0.898381548364303
"UBE2Q1",0.898376225011726
"RFK",0.898375626217005
"ARSG",0.898363537451382
"LRRFIP2",0.898315185117294
"YTHDF3",0.898287117228131
"ANG",0.898252704943978
"ADRBK1",0.898202739301678
"CBX3",0.89818185518309
"PPP1R8",0.898161642641431
"QDPR",0.898114233829693
"HBA2",0.89803386701459
"MTHFS",0.897978886576137
"SAV1",0.897895007202627
"NUP58",0.897885161281124
"TMEM41B",0.897871513986419
"NDUFS4",0.897840667197783
"CCNC",0.897828529839846
"ORAI1",0.897752848612296
"MDH1",0.897750175300618
"FOXP4",0.897721925133105
"MTCH2",0.897629574339044
"SET",0.897598500651039
"HN1",0.897529605588747
"RNF111",0.897496984411413
"CHD2",0.897461562439548
"DUT",0.897395937038712
"PIGF",0.897360254332586
"EMD",0.897269737509045
"COQ10B",0.897258395653553
"SDR39U1",0.897232491279275
"TAB2",0.897207117675142
"LINC00685",0.897183906942714
"NRAS",0.897091864366944
"KAT5",0.897036164149797
"HAGH",0.896981786964369
"PIK3C3",0.896949529202101
"COPS6",0.896915743403231
"LARP7",0.896885104240041
"CDK12",0.896879316539259
"GPN1",0.896878061264265
"CBLL1",0.896865757811823
"GABPA",0.896804121876346
"PGAP3",0.896758372030713
"OSTM1",0.896687238523337
"APOOL",0.896659420150353
"FBXO18",0.896621256076966
"SNHG25",0.896572493578758
"TCERG1",0.896571616043634
"CLEC11A",0.896550961617199
"ACADVL",0.89651626371043
"B4GALT7",0.896503769796267
"NSUN2",0.896475242768869
"PRSS22",0.896473210279921
"RIT1",0.896467635007944
"RAB25",0.89642438058287
"SUN2",0.896406278828944
"HLF",0.896289972841074
"TIMM8B",0.89624058276627
"RNF10",0.896120921223537
"AR",0.896111786564697
"PLPP5",0.896097034270206
"MCTS1",0.895973479995306
"LPIN1",0.895971746122585
"ARRDC1-AS1",0.895931538634337
"CCDC92",0.895921389972614
"PPP1R11",0.895908889962802
"ARL1",0.895874303227081
"FAM207A",0.895824422083095
"LDHA",0.895815178346662
"MARCH5",0.895749744239057
"MRPL44",0.895652067022003
"CCDC174",0.895645750316725
"C19orf60",0.895624550894674
"DAZAP1",0.89560025865083
"NT5DC1",0.895596185644843
"HEXDC",0.89553706452185
"PPP4R2",0.895472971720065
"PSMB8",0.895378876997633
"INPP5B",0.895365628783107
"ILKAP",0.895334520209205
"PPM1B",0.895304310566216
"TXNL4A",0.895249093824434
"ACP6",0.895203638437264
"TNKS2",0.895143971610711
"FRG1",0.895120441056633
"SMYD4",0.895104978729228
"MYL6B",0.895103830344093
"NDUFS3",0.895075467878224
"CAPG",0.895017004223754
"NEK9",0.894972840882809
"MAP2K2",0.894967846320723
"LPGAT1",0.894942328826099
"ETHE1",0.894895893177866
"CMC2",0.894867900657822
"IL1R1",0.894843669598753
"BET1",0.89472615396246
"RP2",0.894704464274679
"TGOLN2",0.89469204940551
"UMAD1",0.894681474143881
"ADAR",0.894629653293269
"DHRS7",0.89462851272036
"RPS26",0.894615855248463
"ATXN3",0.894611915797424
"DUSP14",0.894528999120466
"NFKBIB",0.894526383325939
"TRIM8",0.894514076355147
"BRPF3",0.894446652563681
"CNOT7",0.894401796430466
"ICE2",0.89440148688189
"RHBDD2",0.89438139203446
"SEC16A",0.894374123429134
"BRAP",0.894351371783773
"BCAS4",0.894325741746094
"ZMPSTE24",0.894297217406749
"ANKIB1",0.89425759965934
"CREB3L2",0.894221292469998
"ATAD3C",0.894218918316058
"VPS41",0.894202659065004
"BCAP29",0.894166547190442
"RIF1",0.894154622446967
"SPATA7",0.89414673195215
"CUEDC2",0.894110745382783
"EIF1B",0.894080514322418
"ZNF652",0.894026744805129
"RABEPK",0.894024380680931
"TMEM60",0.894012527656354
"NSUN4",0.893979844773023
"UBE2F",0.893976955510377
"SH3BP4",0.893937219706395
"CCDC115",0.893913223162295
"MED28",0.89384330357295
"EEF2K",0.893838550576574
"PDHX",0.893824934116716
"PTP4A1",0.893793664340346
"FAM45A",0.893761975938108
"COPS5",0.893688820976156
"FAM102A",0.893628644559044
"WIPF2",0.89359359884817
"HIBCH",0.893587176565472
"EIF4EBP1",0.893583675341225
"SERINC2",0.893561248867958
"MR1",0.893526009474501
"PUS7L",0.893500359672707
"ZNF277",0.893483238747608
"GATAD2A",0.893477241705569
"ITGB1BP1",0.893460319372084
"NME1",0.893442833103849
"CERK",0.893438287038904
"TRIOBP",0.893407097946891
"CAMSAP1",0.893379520432642
"SEPN1",0.893345422183038
"VSIG2",0.893332648058206
"RBBP7",0.893281500675963
"GLRX",0.893163715666388
"TRPM7",0.893162435087558
"MRPL50",0.893159697556236
"DNAJB11",0.893153793235547
"LSM10",0.893118432768626
"KCMF1",0.89309619339328
"RRP8",0.893078011717853
"TCTN3",0.893059012752658
"ARSD",0.893032847407905
"ELOF1",0.892973773781423
"TBC1D5",0.892971292748339
"CUL3",0.89292726826438
"MRPL24",0.89288031999622
"CNOT6",0.892864070134913
"SNHG9",0.892846284907849
"SDHC",0.892815180068511
"GIGYF2",0.892794140896314
"TBC1D23",0.892754207929301
"RPL22L1",0.892752690747444
"YPEL5",0.892681583390311
"HLA-DMB",0.892659542420472
"MAP2K7",0.892549676333091
"HHLA3",0.892523358439578
"NUDT14",0.892515059163275
"DNASE1",0.892498050262115
"SUPT4H1",0.892431251371707
"USE1",0.892398693814835
"MRPS18C",0.892393503427477
"NDUFS7",0.892388858045097
"NHSL2",0.892379054063265
"COQ6",0.892371515582611
"KRIT1",0.892308471688964
"CAMK1D",0.892269324874378
"PIGZ",0.892170218322881
"CEBPB",0.892134809159271
"ALDH6A1",0.892111365483461
"HLA-DQB1",0.892035020986153
"DAB2",0.892033896927733
"PFDN2",0.892000919167647
"FBXO9",0.891979449070144
"PSMC3",0.891959964057304
"SOBP",0.891957594131362
"HM13",0.891951024513046
"LYPLA1",0.89191600198458
"CLEC2B",0.891911150879536
"WWOX",0.891836771126892
"WASL",0.891830832821898
"FNDC3B",0.891753681779473
"HLA-DOA",0.891715072833443
"CDK5RAP1",0.891668575886283
"EMC3",0.891657823629906
"ATP5S",0.891645238497035
"KDELR1",0.891642799720716
"SSR3",0.891615343461749
"RGP1",0.891595977501324
"PHF2",0.89155765060405
"NAA15",0.891538445827757
"NCOR2",0.891517491828639
"MARK3",0.891506125696545
"IFNAR2",0.891479417020315
"NOTCH2",0.891443763198675
"BOK",0.891381057344031
"GPN2",0.891360918391729
"NGLY1",0.891343140545445
"GNPDA1",0.891257683442423
"MPI",0.891207726641179
"DDA1",0.891098675165675
"PCID2",0.891085215700228
"SLC33A1",0.891084784766084
"PPP1R3B",0.891075754459147
"SDHB",0.890948807925803
"DDX60L",0.890939615150269
"ANKRD12",0.890896144509224
"SERINC1",0.890878378051966
"CPNE1",0.890848750907237
"MIR222HG",0.890805777971504
"KEAP1",0.89076238210165
"FAM114A1",0.890754747601224
"COA6",0.890725886649328
"IMP3",0.89061059245138
"CHKB",0.890593928555119
"LINC01003",0.89050966329619
"RNPS1",0.890504487432985
"MICU1",0.890327313743823
"XPR1",0.890323844995819
"OSBP",0.890311956419034
"URGCP",0.890258848295571
"RNF103",0.89024537436315
"DUSP22",0.890244702518339
"PDHA1",0.890237279612091
"EIF2S3",0.890213233665194
"PSMC5",0.89013434052534
"RRP7A",0.890110375595823
"MBD1",0.890080736254029
"LRRFIP1",0.890076583752492
"MRC1",0.890050829522551
"TMEM42",0.89004636495725
"ORAI3",0.889974952840203
"PAK1",0.889966754342237
"ANKRD13C",0.889947323381455
"SYNGR2",0.889929242332092
"RFC1",0.889918415765393
"COMTD1",0.889879976901347
"TEX264",0.889820404050053
"M6PR",0.889817216957444
"TXNDC15",0.889780491568968
"CCDC97",0.889756788221009
"ORC4",0.889717838456402
"NAA20",0.889640273637089
"EXOSC9",0.889628620416259
"CPSF2",0.88959959332146
"PMM1",0.889598764302586
"SYBU",0.889535982378174
"RPA1",0.889431908770846
"DHTKD1",0.889401429864281
"SLC25A11",0.889328281491176
"MRPL42",0.88930992937695
"MARK2",0.889292781256778
"MTA3",0.889283891833779
"RBMXL1",0.889246779273482
"RRAGB",0.889217305179149
"TPST2",0.889203539770141
"ITSN2",0.889034771748523
"RNF8",0.889011894795437
"SNRNP200",0.888980702140757
"PDPK1",0.888971946763762
"ZNF146",0.888931272107474
"FCGR2A",0.888828509751289
"PARD3",0.88877744529636
"RING1",0.888769892209706
"NUBP2",0.888732468191812
"RAB27A",0.888703286502039
"CTA-293F17.1",0.888684609761911
"CWC15",0.888663131549207
"STK25",0.888643084269571
"JOSD1",0.88861415367625
"SCNN1A",0.888596320668549
"RPS19",0.888472095118972
"ZBTB38",0.888470187658963
"FAM219B",0.88845617105733
"INPP5K",0.888445145118592
"PUM2",0.888421981576633
"PSMC1",0.888357892954855
"ISOC1",0.888351314033658
"MYL12B",0.888318560002084
"ATP6V1E1",0.888316854175779
"MALL",0.888293409688756
"C1GALT1",0.88828507340648
"SNRNP70",0.888237349120678
"NTMT1",0.888217125698832
"PDSS2",0.888213265264154
"CNST",0.888207080008757
"SH3KBP1",0.888152450283694
"NUP85",0.888134307658818
"IPO9",0.888103815708717
"SGSM1",0.888085860592516
"SAMD8",0.888085469407
"STUB1",0.888067508891526
"SLC39A1",0.888058522334247
"CHP1",0.888042538324029
"SLC9A3R2",0.888011870677835
"NDRG3",0.887975611381224
"RBM14",0.88790668572641
"MED16",0.887811744789423
"LURAP1L",0.887755731804226
"AK1",0.887730646542301
"SP3",0.887673403733117
"MAF1",0.887668624161554
"SYK",0.88760335066394
"RABEP1",0.887518342296082
"RP11-182L21.6",0.887444264455687
"WDR43",0.88742413336603
"PAFAH1B3",0.887388892751707
"MBOAT7",0.8873490117757
"LLPH",0.887309077822111
"COX15",0.887278389401716
"PSMA4",0.887239329641393
"SCAMP3",0.887183298947784
"WAC",0.887146490714596
"CHMP2B",0.887089597057998
"PEX16",0.887056942171761
"TOM1L1",0.886947909841647
"COQ9",0.886937558686843
"DUSP23",0.886905695691201
"SEC13",0.886896074879174
"TCP1",0.886773120275623
"CLDN15",0.886759655269919
"ATP9B",0.886749893490675
"MLLT3",0.886725854320912
"SNX17",0.886720084428097
"TAOK1",0.886683897550927
"CDK19",0.886653430752087
"IPO5",0.886634280923558
"PREB",0.886539585470102
"C7orf50",0.886528469614693
"RNF139",0.886505929324986
"SRA1",0.886469540881642
"TPGS1",0.88641626612037
"PSME4",0.886377978828889
"IMMT",0.886369060668752
"NDUFAF1",0.886255516248204
"MED13",0.88621384037638
"MRPL36",0.886209724164418
"TRIM38",0.886120528905798
"CMPK1",0.886116787803345
"SLC35D2",0.886087371369471
"SLC25A43",0.886006683737483
"WWC1",0.885996884176418
"TARDBP",0.885979040126027
"PMVK",0.885956836809323
"CAPN1",0.885924296795004
"SURF4",0.885897934844186
"PPIF",0.885828486974865
"SHB",0.885759401081467
"H2AFY",0.885686513317236
"PAAF1",0.885669192562937
"LINC01184",0.885628676768204
"SMARCE1",0.885587612171913
"CASP1",0.885544656531886
"PPP2CB",0.885541358363924
"UBE2I",0.885525315910522
"GALNT1",0.88551608273604
"DCP2",0.885482041890536
"PRDX4",0.885445772157969
"TRUB2",0.885411092525795
"PSMB10",0.885405973884731
"RABEP2",0.88539723050109
"PNPLA8",0.885339704241346
"HAX1",0.885309302502526
"PSMD6",0.8852842894288
"TMEM189",0.885282798712377
"TUSC1",0.885263574690375
"SLC25A24",0.885171977704961
"NEU1",0.88513730892178
"POLE3",0.885035921494067
"MOB1A",0.885004082549512
"SNRPA1",0.884972797042839
"BTG3",0.884963474092034
"GAS7",0.884947968731803
"DYRK4",0.884924551704688
"BMP2K",0.884921779923065
"SLC30A7",0.884906636678901
"TAOK3",0.884878400347301
"ABHD17B",0.884818672697382
"GALT",0.88480373102461
"ALG2",0.884766597908907
"TIMM10B",0.884697358492466
"POP7",0.884693297379676
"TIPRL",0.884676308103484
"SMU1",0.884630019702976
"RBM8A",0.884626606786176
"BZW2",0.88454104359514
"SPPL3",0.884495770154728
"FLOT1",0.884486081307734
"NUTM2B-AS1",0.884482280776651
"LYRM5",0.884468500984549
"ETF1",0.8844321876829
"CDC40",0.884375431113877
"APMAP",0.884354835523936
"CDC42",0.884351254981876
"GSKIP",0.884349209880552
"ATPAF2",0.884305679694945
"FRA10AC1",0.88425594284486
"ILF3",0.884244273885652
"VPS26B",0.884221154466366
"ZNF195",0.884155229242777
"VPS28",0.884130809557514
"G2E3",0.884082166770608
"CANX",0.884021001232908
"ZNF84",0.884008768546646
"TOMM40",0.883960134028707
"C1orf56",0.883945737800498
"LYSMD3",0.88393122465243
"CLEC7A",0.883913057872004
"POC1B",0.883896457822249
"MAD2L2",0.883854716647861
"LPCAT3",0.883834751392605
"DHCR7",0.883808671913836
"LRP1",0.883783280146287
"COX17",0.883766401101776
"RALGAPB",0.88368205727643
"PNO1",0.883674854443833
"NELFB",0.883670626004972
"CHPF2",0.883662352241585
"C11orf68",0.883630406152032
"STARD4",0.883515840538761
"CARHSP1",0.883471397634321
"SAR1A",0.883435166091641
"GLUL",0.883434620193672
"SGF29",0.883322156349571
"MCOLN1",0.883264875508519
"GMFB",0.883258231633987
"SSRP1",0.88322679928648
"SPRED2",0.883160702533022
"IMPACT",0.883038699160503
"ERAL1",0.882892134598692
"CALR",0.88284855872221
"TRIM22",0.882784517265703
"MPND",0.882754315046501
"C14orf80",0.882747707899964
"PRR15L",0.882694388524987
"IMPDH1",0.882544668820318
"ZNF428",0.882489235132776
"H2AFV",0.882442901807883
"MARCKSL1",0.882403842800394
"CRADD",0.882389910073957
"SFT2D2",0.88238990135015
"FAM173A",0.882367465541072
"GBAS",0.882348344758627
"CPEB2",0.882345495513827
"HSPA8",0.882342651613829
"TMEM181",0.882314235048849
"VARS",0.882218056007997
"SMARCD2",0.882217320236679
"BBX",0.882208072200178
"NMRAL1",0.882193577952533
"FAM20A",0.882122875246237
"DDX19A",0.882099701382732
"PRKACA",0.882099522145918
"AKT1S1",0.882059500361604
"TNKS1BP1",0.882009184908978
"DAZAP2",0.881980592990861
"PPP1R35",0.881942698858462
"NCOA3",0.881935259013961
"PRMT1",0.881933277977654
"REEP5",0.881896451812432
"IRX3",0.88187132219942
"HSD17B4",0.881859228787789
"MCRS1",0.881845551947097
"YTHDF3-AS1",0.881801877716841
"BTG2",0.88179136424445
"RPL12",0.881608753824765
"CCDC159",0.881592543103738
"ACADSB",0.881515145592345
"TICAM1",0.881430143756073
"UBXN1",0.881288568940391
"HLA-DRB1",0.881254206741148
"RABGGTB",0.881248604998616
"THRB",0.88119624416232
"C11orf24",0.88112750355364
"MRPS36",0.881099318727323
"HPS3",0.881069267113555
"SLC30A9",0.881051071562357
"YY1AP1",0.880993178939357
"ROGDI",0.880839260911243
"SPRED1",0.880815164547594
"ZFPL1",0.880814363386483
"RNF114",0.880764827385944
"DDX24",0.880757423875267
"VCL",0.880722585435528
"CLPP",0.880665339247312
"RAN",0.88066090669047
"CYB561D2",0.880605376768419
"FXN",0.880599874507083
"PSMD7",0.880564511049478
"CCT8",0.880541423338037
"TIMM9",0.880525218108333
"RHOBTB2",0.88051424508439
"SEC24C",0.880467377961616
"PPIB",0.880425913772521
"YPEL3",0.880309369320653
"C17orf89",0.880302529022585
"PARN",0.880296289335563
"SERTAD4",0.880221188999702
"DSTYK",0.880220157293067
"LRRCC1",0.880203480220324
"C8orf59",0.880174857381017
"TMEM64",0.87998893863642
"CHCHD10",0.87994518571967
"CUEDC1",0.879926726801906
"IP6K1",0.879922816367301
"ZBTB20",0.879866944143927
"SKIV2L",0.879739043494089
"GTF3C5",0.879682191410273
"MAPKAPK3",0.879665015765013
"PSMA1",0.879658273139703
"ILVBL",0.879641248578076
"CD83",0.879620761875198
"TPM1",0.879609796927439
"SLC25A46",0.879595808185349
"VPS45",0.879530721529406
"SCOC",0.879527957993902
"TMEM128",0.879463204624589
"TMBIM4",0.879425810556876
"RSF1",0.879404219011739
"GMPS",0.879396095288424
"RAB34",0.879391318041942
"AP1M2",0.879356145217046
"CAPNS1",0.879349312305577
"COA4",0.879325696846635
"MRPL19",0.879312872835606
"CRIPT",0.879289387214943
"SNTB1",0.879275319252397
"DCLRE1C",0.879268175155591
"FAM96B",0.879201492275436
"NOL7",0.879186616871274
"DICER1",0.879185388571548
"FASTK",0.879170789211757
"DYNC1I2",0.879133498652403
"GBA",0.879124501060953
"PSAP",0.878995028189505
"KIAA1217",0.878888181387074
"FAM193A",0.878834403077123
"USP22",0.878823856032491
"SIPA1",0.878800020685286
"DCP1A",0.878750598276263
"PRCC",0.878637917093835
"OSTC",0.878611580469468
"FBXO3",0.878598407758038
"GNL1",0.878595077756416
"USF2",0.878583840978403
"PTRHD1",0.878561985987886
"ATP2B4",0.878551100322869
"SERTAD2",0.878531484861073
"SEMA6D",0.878514170095825
"RBM17",0.878476263888211
"MRPL11",0.878469441948978
"ATF4",0.878417237844183
"ACTR2",0.878416229427699
"NDUFA12",0.878384950152299
"SH3BGRL2",0.878330190608543
"RAP1A",0.878226593655582
"FMR1",0.878223084052989
"ST7",0.878173836100753
"NUDT5",0.878171214294892
"DDX3X",0.878167888846255
"FKBP1B",0.87814829420376
"ZCCHC6",0.878130655420966
"EPS15",0.878127617219349
"AP2A2",0.878122556863246
"SMCO4",0.878094585772779
"TXNDC17",0.878086749708927
"ZNF24",0.878043086578863
"DNAJC7",0.877999673927616
"PAFAH2",0.877820693134605
"RUNX1",0.87778405774351
"SWAP70",0.877739559132502
"SRPRB",0.877664285679049
"EIF4A1",0.877596817529211
"ARGLU1",0.877589872170101
"PPP6R2",0.877544943904508
"CCDC50",0.877532311185856
"ZDHHC6",0.877518938814527
"LGALS9",0.877508327321221
"BAG5",0.877478718555908
"UBALD1",0.877468815078902
"GMPPB",0.877422326812822
"NELFCD",0.877404753776921
"ACAA2",0.877393294396745
"ARHGAP5",0.877270651750014
"HNRNPR",0.877253402708786
"SIVA1",0.877191428358529
"CHCHD7",0.877170329054737
"TP53RK",0.87716652521978
"CARD19",0.877153646712367
"ERO1B",0.877057627368404
"ARMC7",0.877040255257058
"SLC3A2",0.877040078452006
"TBCEL",0.877001484145784
"TIMM21",0.877000653797038
"HDAC2",0.876927590110584
"RPP30",0.876907930531994
"RPS6KA3",0.876858787120615
"CDK11B",0.876832937665426
"HGS",0.876781479452484
"MTHFD2",0.876776023468766
"DDB1",0.876663015263968
"ADAT1",0.87662276582853
"ZRANB1",0.876583206753637
"ZSWIM6",0.876550724888393
"CRYL1",0.87649601848636
"LYAR",0.876445350936183
"RNF13",0.876338411836269
"SCAPER",0.876329032387815
"AUTS2",0.876293465276734
"TST",0.876214025841767
"FAM234A",0.876183580218892
"CSNK1G3",0.87614427478547
"ZNHIT6",0.876101721048503
"DROSHA",0.876100322239549
"BCL2L13",0.876065496663561
"REEP3",0.875971021772207
"SFXN1",0.875961061879888
"IER3IP1",0.875944844472581
"RPS6KB2",0.875895255155057
"SSBP1",0.875884619016694
"TOMM22",0.875865842530326
"MRPS6",0.87584176501333
"AP2A1",0.875824567824742
"SAFB2",0.875822706962228
"STIM1",0.875769016469272
"PCGF5",0.875719555467046
"SQRDL",0.875695272809245
"PNP",0.875610630183922
"BICD2",0.875549377179525
"SLC4A2",0.875490064317593
"MAP3K11",0.875479839783627
"ACSL1",0.875473022085231
"LAGE3",0.875453678873479
"FAM53B",0.875434415203228
"AKAP8",0.875424896611275
"STARD10",0.875406419923233
"RIPK1",0.875332167163805
"CACFD1",0.875325999265099
"KLHL24",0.875223999196925
"MLEC",0.875204230052643
"POMGNT1",0.875072599906776
"TXNDC11",0.875059977730559
"COMMD2",0.875031245219261
"IFNGR1",0.875024662652187
"CLUH",0.875015028587045
"DNASE2",0.875008587356598
"UROD",0.875005317909245
"SPATA20",0.874957236187332
"IKZF2",0.874927654034021
"ARIH1",0.874869737688451
"ACER3",0.874858599318107
"CCDC82",0.874795726806707
"ARPP19",0.874778222586527
"RNASEH1-AS1",0.874746844158174
"MCL1",0.874728686349725
"ACSL5",0.874725124627502
"BCL10",0.874717040035105
"GHITM",0.874711625104836
"EPRS",0.874681991531349
"SLC35C1",0.874665914290269
"ZNF580",0.874638471270746
"MMAB",0.874620363104037
"OCIAD1",0.874619864193496
"GNL3",0.874603546231142
"MAPRE2",0.874575740219589
"ZFP36L1",0.874552436866249
"DVL3",0.874552358542031
"NFKBIL1",0.874541156732491
"TAP1",0.874526945972377
"C1orf35",0.874526879084012
"GARS",0.874519641286284
"DDX50",0.87448292701686
"SMIM7",0.874466465618084
"EDEM2",0.874452736067225
"COG1",0.874408687435573
"LRPAP1",0.874407384981831
"MTIF3",0.874364672625078
"COPG1",0.874314626569961
"MED1",0.874293408095053
"RBM33",0.874249545837236
"C9orf85",0.874193133298192
"PPP2R5A",0.874143733711805
"CXCL17",0.874111621587837
"GSTO1",0.874056832234508
"GAA",0.874006497388719
"COX20",0.873993485649392
"NDUFV1",0.873904703915752
"MANF",0.873878030015824
"PPIH",0.873868047970433
"LSM7",0.873777751974767
"PPP1R12A",0.873761846349301
"CRKL",0.873677149185117
"FZR1",0.873504047792059
"EIF4G1",0.873496636275986
"DUSP3",0.873419563130982
"SELT",0.873324658260291
"SRP9",0.873253878164488
"EMC7",0.873252816082455
"ZFAND2B",0.873252265883144
"PHC3",0.873237129597612
"MRPL28",0.87305376415376
"ARPC4",0.873009546808305
"HAUS1",0.872998775357837
"THYN1",0.87294885621017
"S100A2",0.872916266589457
"MPDU1",0.872880332183302
"LMBR1L",0.872858226581163
"PSMC2",0.872856619294357
"YY1",0.872790163302674
"CCDC107",0.872785294597024
"ZNF524",0.872718285235402
"EMC6",0.872688528458837
"ZFP91",0.872558786590961
"TCEAL8",0.872484697168271
"SSH2",0.872462442074585
"CNIH1",0.872449462106162
"BRD2",0.872413481282848
"TEAD2",0.87240441543665
"NCBP3",0.872248142131639
"DNAJC5",0.87221975361555
"SMIM12",0.872087947869238
"LRIG3",0.872033205305137
"HIST2H2BE",0.872020612385342
"RFNG",0.871967920799392
"PYURF",0.871965804636035
"COMMD4",0.871915493801147
"DENND5A",0.871802483496019
"AKR1B1",0.871802443170823
"MRPL32",0.871780037453948
"TRIM14",0.87176061663141
"CHRAC1",0.871712436668
"RPAIN",0.871615748745343
"ZNF90",0.871571742628994
"ALG3",0.871555967174842
"BCCIP",0.871384774881097
"PINK1",0.871382825837379
"RBM47",0.871358082198946
"DIAPH1",0.871354063629491
"MRPS9",0.871296511860624
"SH3D19",0.871287531076067
"HPRT1",0.871280727081239
"YWHAQ",0.871272261492836
"TUBGCP4",0.871232218734673
"ACTN1",0.871219981649613
"RGS19",0.871147435797964
"MFSD11",0.87112606615957
"FLOT2",0.871087441619597
"ERAP1",0.871083443929737
"ASS1",0.870945225251521
"PNPLA6",0.870874096062636
"SRRM2",0.870839529381262
"CEBPD",0.870833196128509
"RARS2",0.870824694200447
"CMTM8",0.870822012569717
"REL",0.870711214214219
"PRAF2",0.870696496712196
"IKBIP",0.870678312260571
"EFHD2",0.870616495591423
"CBX5",0.870534936935975
"LENG1",0.870475233449357
"STAG2",0.870423400551012
"WNT5A",0.870414271234836
"DCTN6",0.870375445829694
"ABCG1",0.870286199762889
"IFI35",0.870216813306492
"RNF181",0.870207897112228
"NIPSNAP3A",0.870066868557237
"MAP3K13",0.870001169245391
"RNPEPL1",0.869969849546374
"MLF2",0.869934966597819
"MIR4435-2HG",0.869891036162783
"MINK1",0.869816698856547
"NIT2",0.869806372656279
"C6orf226",0.869765265323676
"CLIC1",0.869759376175096
"EMC9",0.869754048984266
"PGP",0.869738613308143
"ELK4",0.869527836872965
"NEMF",0.86943605091895
"NUP98",0.86942455988887
"HEXA",0.869352065106723
"ZFAND5",0.869322406596066
"CMAS",0.869302976836063
"PPP1CC",0.869300048941092
"HK1",0.869252793727557
"AMFR",0.86924491607112
"HP1BP3",0.869213961130432
"CYP2J2",0.869169282965994
"RPS3A",0.869108085058806
"SUCLA2",0.869004807807723
"UBTD1",0.868986408738205
"RGL2",0.86898548254175
"PRPF40A",0.868887088395438
"CKAP5",0.868853983193774
"TSR2",0.86882366775311
"IPO8",0.868809297770399
"HRSP12",0.868778892448392
"ARFGAP1",0.868764676655728
"ENC1",0.868731040678028
"NAPA",0.868686673802416
"MLST8",0.868616888049962
"C2orf54",0.868517181467257
"CS",0.868513516394478
"ZBTB8OS",0.868247682799642
"PCBP1",0.868189885308964
"HNRNPUL2",0.868182963132974
"COMMD5",0.868172030603173
"SPRYD4",0.868158248273461
"PRPF3",0.868099993719899
"TMEM160",0.867914220147227
"ZNFX1",0.867895851449786
"KLF10",0.867873093966756
"NDUFS8",0.867822116543498
"TMEM53",0.867722091331127
"HLA-DPB1",0.867701296453783
"RBM22",0.867644095506324
"MNDA",0.867631707640737
"TCF7L1",0.867590093090305
"PRMT7",0.867589916123223
"PCNP",0.86758742367247
"ARL8A",0.867569249369346
"MGAT1",0.867547103556922
"NAB1",0.867522560343487
"KIAA1143",0.86752047668693
"C14orf1",0.867464594766744
"TMBIM1",0.867452882650688
"CFI",0.867399494537275
"DDX27",0.867392349585559
"R3HCC1",0.867298329808196
"CLASP2",0.867297700967031
"FAM192A",0.86728514727747
"ETFB",0.867239743519408
"ZC3H18",0.867218904294997
"WAPL",0.86719513241778
"ATAD1",0.867174654349489
"SAMM50",0.867056504564132
"USP39",0.867018117504267
"OVOL2",0.866979734541629
"MRPS18A",0.866941228537587
"TRAFD1",0.86689863336139
"HIVEP2",0.866854410125911
"CYC1",0.866834887889498
"NAGK",0.866808376621465
"PSMA2",0.866702179839667
"SNAP47",0.866657113696928
"MLH1",0.866611754802575
"OBSL1",0.866587686392875
"FAM204A",0.86657809177419
"LNPEP",0.866571564599071
"BEX4",0.866524060093337
"SMAD5",0.866464882970854
"AGTRAP",0.86646212660625
"APOA1BP",0.866418338747505
"NSMCE4A",0.866376194379803
"ZNF721",0.866365049690494
"CCNH",0.866304416293141
"SLC27A5",0.866228496083643
"DDX39A",0.866180583834177
"CLNS1A",0.866140028754435
"TIMM17B",0.866071368620479
"PATZ1",0.866049311728079
"ACAT1",0.866047196675504
"HTRA2",0.866038397506879
"TMEM14C",0.866028711058457
"SLC15A2",0.86594667324809
"NUP153",0.865838727834408
"POLR3K",0.865837662655056
"UFM1",0.865590320902176
"CCDC126",0.865553980984401
"C1orf21",0.865501603278654
"CLK1",0.865498338218339
"MTF2",0.865466012548583
"GDE1",0.865340860769396
"TRIAP1",0.865307553640493
"CAP1",0.865290323749628
"SIL1",0.865180043995019
"GOLGA5",0.865066286016317
"USP48",0.865054309948266
"NINJ1",0.865021783121419
"SNX12",0.864979452451858
"TLE4",0.86495587828679
"RP11-598F7.3",0.86495331562135
"COMMD7",0.864883086486144
"MET",0.864822611777908
"JPX",0.864819945856732
"TLE1",0.864787023099079
"TFAP2C",0.864713347764742
"TFCP2",0.864710109501168
"PTP4A2",0.864668127054326
"PRRG2",0.864647497117596
"CD63",0.864620590429106
"RGMB",0.864606394348164
"BLOC1S4",0.864582273021704
"UBXN6",0.864530073547116
"EXOSC6",0.864455161810644
"P2RX4",0.864388944058067
"SPG21",0.864349996455158
"TRIM69",0.864328453541214
"CBFB",0.864213244419885
"MRPL20",0.86421055043642
"THOC7",0.864187103087312
"C11orf1",0.864104174778616
"JMY",0.864101001228192
"GRINA",0.864003808355671
"ZMIZ1",0.863949371451745
"ATOX1",0.863944607587473
"ZNF800",0.863927117860605
"TCEA1",0.86384209437285
"TAF2",0.86379203845169
"TMEM116",0.863691821496979
"SLC6A14",0.86363011453099
"MRPS11",0.863586566339917
"NECAP1",0.863486273622556
"GALNT12",0.863454697892473
"PPP1R2",0.863408906523466
"MAPK13",0.863314526133348
"ABCE1",0.863167129128029
"FEM1C",0.863132419415433
"MGST3",0.863115313821071
"KIAA0141",0.863112143769693
"MEN1",0.862944499453037
"CDC42SE2",0.862923010610387
"CHCHD3",0.862914549522336
"TNIP2",0.862823703994388
"MRPS34",0.862822416893163
"GYPC",0.862752745051005
"TRADD",0.862725902098577
"NDUFB10",0.862649369063596
"ETFDH",0.862615333556727
"HOOK2",0.86253375565282
"ALDH16A1",0.862533492573932
"WSB1",0.86250336572313
"AKIRIN1",0.86248027244255
"CTD-2020K17.4",0.862436916655511
"PRKAR1A",0.86243413431924
"CORO1C",0.862394019457493
"FBXO34",0.862322424314857
"GNAI2",0.862272939489612
"CAT",0.862136721897816
"HERC2",0.861961727216297
"VPS51",0.861934646768535
"DIMT1",0.861896680111937
"TRAF7",0.861891503535784
"REXO2",0.861888345481623
"RNF24",0.86188433267784
"TOPORS",0.861864407500179
"VPS52",0.861815124520812
"RAB5C",0.861761251021973
"SRSF1",0.861693053936961
"SURF6",0.861668645144361
"NR1H3",0.861633004298695
"SLC25A23",0.861608166726791
"FTH1",0.86159257008255
"PPP4R3A",0.861548414780659
"ARID1A",0.861479667456449
"DMXL1",0.861400760406478
"TCF12",0.861383625456173
"GEMIN6",0.861363655621867
"ZDHHC4",0.861317754999883
"ATP2B1",0.861288081078851
"EPB41L4A-AS1",0.861275232932104
"C3orf38",0.861223022979996
"ARL6IP1",0.861211901489419
"MAN1A2",0.861150832133171
"MKRN1",0.86108450969967
"TMEM183A",0.861016456179571
"C16orf89",0.861006923402513
"NBAS",0.860902959015023
"DGKZ",0.860880715776831
"ZXDC",0.86072712858997
"NFKB1",0.860494615748751
"ACP2",0.860397924075629
"FAM162A",0.860394185145397
"DHRS4L2",0.86038307605239
"ERLIN1",0.860335533636741
"SURF2",0.86033226373555
"ZNF32",0.860315279910102
"KLF3",0.860234455003907
"MAFK",0.860202694505217
"HINT2",0.860191140234795
"PHF6",0.860131393557167
"SAYSD1",0.860111602675241
"NUTM2A-AS1",0.860100520550472
"TTC7A",0.860099838460944
"DCAF13",0.860080698242966
"COPA",0.860080053566744
"TMX1",0.860045742662319
"RNF126",0.860042247741726
"NCBP2-AS2",0.860026992369033
"MNT",0.85998156502438
"TNFRSF1A",0.859978138665306
"DNAAF2",0.85982870826197
"MOB2",0.859824272183632
"RAI1",0.859745192433986
"ANKRD9",0.859720910576665
"WDR55",0.85969936036286
"PSMD12",0.859608842117916
"HERPUD1",0.859537906785524
"LACTB",0.859447055800675
"OTULIN",0.859415354305444
"NIPAL3",0.859340008088788
"TBC1D10C",0.859314965859323
"LMAN2",0.859275075821331
"NCOA4",0.859243620267212
"ACTR1A",0.859193386039573
"ZNF672",0.859192086094259
"CUL4A",0.85918958466758
"EML3",0.859154906132602
"CMTM7",0.859069096984985
"NUCB1",0.859033516926767
"LY86",0.858985789954183
"ZCCHC7",0.858936020335007
"SRP14",0.85884248872585
"ZNF445",0.858840565504564
"GAR1",0.858698651276503
"TNFAIP8",0.858659699914237
"NFIL3",0.858645279600068
"SNHG8",0.858607550631745
"MYDGF",0.858601412271445
"MAT2A",0.858541309132442
"ACO2",0.858454155322697
"SMAP1",0.85844192862698
"SEC23B",0.858425450512519
"WHSC1",0.858419776416577
"GOPC",0.858397619506324
"SS18L2",0.858358889630248
"GPRC5C",0.858271136923723
"ACBD5",0.85826060051512
"DCTD",0.857951587001883
"ALG13",0.857870310049678
"PLS1",0.857869627241409
"ZC3H15",0.857808760025177
"FAM208B",0.857670941148227
"SEL1L3",0.857651580819596
"C19orf25",0.857540571042767
"IDH3G",0.857477538344246
"VKORC1L1",0.857456781066574
"PML",0.857416821965238
"SLC2A4RG",0.857414641038443
"MRPL51",0.857406356490377
"U2AF2",0.857398595317522
"SEPT9",0.857379508407364
"ATP5F1",0.85728026387742
"STARD3NL",0.857268197908739
"TIPIN",0.857261234712076
"HPGD",0.857257730931713
"RTN3",0.857243662965623
"NT5DC2",0.857239034972098
"TMC6",0.857202729535964
"DNAJB12",0.85716109253169
"TP53I3",0.857150224269896
"OCIAD2",0.85696617675514
"PFKL",0.856785955556355
"FBXL17",0.856773674741285
"TAF9",0.856724193797768
"RTCB",0.856708547964406
"AFF4",0.856662022534773
"PARP8",0.856632065694126
"SDCCAG8",0.856622635022007
"CA11",0.856576176668379
"RAB1A",0.856514871941916
"PHB",0.856392294546278
"PDCD4",0.856119816662125
"DYNLT3",0.856013571377009
"UBE2L6",0.855974761292174
"VILL",0.855842170891666
"HNRNPU",0.855815328598992
"DFNB31",0.855793441904205
"APEH",0.855789897006536
"C20orf27",0.855712538370956
"RRBP1",0.855700689721809
"EEF1E1",0.855619075936926
"MRPL16",0.855590957670595
"JAK1",0.855516163490928
"SFN",0.855456481494785
"KIAA0319L",0.855435276951035
"MXD4",0.855351290464367
"ATG101",0.855286843801278
"HNRNPA1L2",0.855265726569844
"RRP36",0.85524577765902
"SNAPC5",0.855237171180208
"BTN3A2",0.855207807364782
"SNHG19",0.855201141784871
"GZMH",0.855153655484668
"PSMA3-AS1",0.855094095009111
"CLINT1",0.855065589217001
"SRSF7",0.85504849463371
"ELAC1",0.855026560687393
"SNRNP27",0.855001820067361
"SDF4",0.854889198149204
"YIPF6",0.854855300083604
"ERGIC1",0.8548521690456
"CDS2",0.8548364254482
"C20orf24",0.854731067690888
"DNASE1L1",0.854688757178378
"MIF4GD",0.854633546919217
"PLAGL2",0.854616958978179
"POLR2K",0.854604161169323
"PGM3",0.854604079441916
"GTF2A2",0.854560820973948
"RHNO1",0.854494031930571
"LINC00116",0.854473672120303
"NUS1",0.854453317565528
"PRR13",0.854375263666526
"ARHGDIA",0.854282856884942
"DDX23",0.854258321703385
"EXOSC3",0.854188107094805
"KAT8",0.854138320595991
"B3GAT3",0.854021059446127
"NF1",0.853975410052811
"AHCY",0.853951905808566
"MBOAT2",0.853790036329793
"RPS27L",0.853745078832178
"RAB29",0.853663821929172
"TRIP6",0.853646968382771
"SUMO3",0.853557429191492
"C11orf31",0.853497966347652
"EIF2S2",0.853443778490836
"INO80D",0.853107786264443
"SDC4",0.853067651775632
"AKAP8L",0.853008721741398
"GSS",0.852983022621316
"PHF11",0.852961462440417
"SLC9A1",0.852897801312932
"GTPBP6",0.85289643507979
"EIF2S1",0.852891915600182
"REPS1",0.852856716604782
"SRFBP1",0.852850774296796
"CHMP3",0.8528217183031
"EIF1AD",0.852685750643984
"PDE8B",0.852630417996398
"MRPL13",0.852597740885236
"CYHR1",0.852575401188785
"SLC18B1",0.85248198874654
"PRKCD",0.852432389202786
"CKS1B",0.852385077543705
"FN3KRP",0.852373682937003
"ARHGEF12",0.852365324629773
"SOD2",0.852361833291995
"TPD52",0.852300735535496
"TRIM26",0.852172850728958
"SAMD4B",0.852168708901272
"BOLA3",0.852148659897508
"PIGBOS1",0.852088867243182
"MORF4L1",0.852010471664258
"MRPS18B",0.851859703453506
"PM20D2",0.851858378777264
"USP38",0.851845690050261
"DOCK9",0.851810520915974
"MEA1",0.85178249680559
"MRPL43",0.85175137424898
"DDI2",0.851750943223923
"TPP1",0.85172488370263
"ZDHHC24",0.851695797226784
"MGAT4A",0.851639030984116
"ZCCHC2",0.851538861477414
"CAMKK2",0.851392207663209
"ARAP1",0.851380814558296
"NFIC",0.851286138744178
"DOCK1",0.851216850161512
"PIGS",0.851210504411431
"ARL2BP",0.851205209194305
"WDFY1",0.851107781179401
"CDK17",0.851079536875788
"SHARPIN",0.85106000024016
"C11orf58",0.851035841649345
"PDZD11",0.851015221570173
"BAG1",0.851005156496408
"PTS",0.851004006396997
"LUC7L2",0.850966956399934
"METTL5",0.850923396222361
"CCT4",0.850832340650026
"SLC31A1",0.850826275848802
"RAB10",0.850743229461128
"FKBP8",0.850671365603023
"MRPL55",0.850597459992271
"TMEM41A",0.85057624898975
"CYCS",0.850413277878481
"ENOPH1",0.850352362661409
"PARP1",0.85031661591989
"PDCD6",0.850302853936034
"CHTOP",0.850245788098911
"SH3BGRL3",0.850162920961148
"DPP7",0.850144334969678
"POLR2H",0.850059193417213
"TMEM87B",0.850006099943259
"POMP",0.850000840478211
"FAM200B",0.849902836404025
"FAM120AOS",0.849884644122295
"RWDD1",0.849867168208517
"MRPS21",0.849827067122835
"RPL24",0.849733398513591
"GLRX5",0.849631827177891
"TBRG1",0.849448345485599
"NAA30",0.849437990809315
"NUDT2",0.849356822357281
"ZMYND11",0.849353442841921
"RAB40B",0.849271984199535
"FBXL15",0.849199479291114
"CTB-55O6.8",0.849125732527381
"PSMG3",0.84910961225673
"PPP2R4",0.849066009940403
"ST6GALNAC6",0.849065655603161
"PRELID3B",0.84903716064048
"CCDC25",0.84881615987197
"SDF2",0.848790775158746
"SYPL1",0.848696139899353
"LAMTOR3",0.84855755873346
"EXD3",0.848356793770244
"NDUFAF6",0.848346682009843
"ERBB2IP",0.848339356110209
"LSM5",0.848236285284959
"EXOC5",0.848214249473199
"TPRN",0.848165477076197
"YTHDC1",0.848097084411781
"CARS2",0.848085488131915
"RER1",0.84803602082542
"ALAS1",0.847929966473171
"C12orf45",0.847926718086817
"C19orf24",0.847917757411959
"DPAGT1",0.847859214840001
"RNF220",0.847773944521034
"RPL15",0.847671175094201
"BAX",0.847578658604524
"LSM2",0.847492816733901
"PEX10",0.847431629740104
"NAA10",0.847387294418089
"METAP2",0.847357309338044
"ERV3-1",0.847327582112139
"PCGF3",0.847233393547669
"GPCPD1",0.847117352685601
"MRPL45",0.847106822632163
"ZDHHC12",0.847086442481206
"TPD52L1",0.847053644916917
"AKR7A2",0.84703652631472
"TSTD1",0.846978785989473
"ZNRF1",0.846963310351467
"RP11-532F12.5",0.846875055055529
"PNPLA4",0.846814179310708
"SLC17A5",0.846786512704036
"SMIM20",0.846754252390364
"FTSJ1",0.846596977961884
"ATP5L2",0.846546191810647
"TBC1D7",0.846464953170525
"UBA1",0.846444158627316
"ZFYVE19",0.846391878228325
"SEC63",0.846351104297798
"PDS5A",0.846283998151878
"RPS2",0.846244808790028
"NAPRT",0.846188691537368
"SOS1",0.846154666852898
"CWC25",0.846105631928146
"HDAC1",0.846094786942264
"PHF5A",0.846052321936393
"GLE1",0.846034629311422
"POLR2B",0.846006375175117
"LRRC8A",0.845949576255939
"CCDC12",0.845943307677079
"UBA5",0.845891361952458
"TAF1D",0.845846784317494
"RTCA",0.845785054870921
"SMARCC1",0.845745654770911
"LLNLR-245B6.1",0.845743579418844
"RSBN1L",0.845730590173308
"WIZ",0.845694845029288
"FBL",0.845685657080738
"PPIL3",0.845637714283183
"HMGN2",0.845602222557697
"CTTNBP2NL",0.845558108255233
"RPL17",0.845528862610403
"NAA50",0.845477955173561
"PSMB7",0.845452335609826
"SNRPC",0.845422798521038
"RP11-111M22.3",0.845371807141869
"GTF3A",0.84536543039448
"MRPS23",0.845320307551365
"INPP1",0.845184881311865
"GDI2",0.845181445170831
"C1QBP",0.84510895185336
"AFG3L2",0.845067255566768
"TMEM134",0.84499541460183
"EIF3D",0.844894691234547
"SPCS3",0.844799316268534
"UTP14C",0.844788833448327
"PRR14L",0.844772059321615
"TMEM126B",0.844648264767674
"VWA1",0.844625080433226
"RPS18",0.844598066771724
"NMD3",0.844545750318619
"STAT6",0.844437073823538
"DNAJC19",0.844389507628386
"AC013461.1",0.844389122040509
"AHCYL1",0.844381902456913
"BORCS7",0.844380590629054
"OXA1L",0.844293457353329
"PDK2",0.84427722166966
"ZNF511",0.844178846575952
"PSMA5",0.844174738733795
"DTD2",0.844153109973695
"PHB2",0.844134127921646
"HCG18",0.843983614178872
"DEK",0.843926027950627
"OS9",0.843870136968338
"PKM",0.843765470462755
"NFU1",0.843695571386797
"SNRPN",0.843673979097051
"STOML2",0.843435750959634
"IER5",0.843421393640873
"PGK1",0.843411853869066
"HYOU1",0.843346708453635
"CKAP4",0.843328329202931
"OSMR",0.843273613768796
"RPRD1B",0.843264528916251
"ATP5C1",0.843208070876236
"CISD3",0.843155375074449
"MTMR4",0.843113215567562
"RBM7",0.843105879152081
"TRPM4",0.842925202823295
"SEPP1",0.842829413296856
"SMARCB1",0.842784599240736
"ITGB3BP",0.842740219520398
"C16orf72",0.842724448362117
"FKBP3",0.842677520689912
"XRCC1",0.842643493037299
"PVR",0.842635691306052
"FO538757.2",0.842582041542963
"BCL3",0.842579577697637
"SMAGP",0.842385835122741
"DDB2",0.842365145993509
"MTX2",0.842307692408412
"FAM195B",0.842292343284057
"PDCD10",0.842183418578835
"TOMM70A",0.842181152007692
"FOXO3",0.842170961436125
"LSM4",0.842127088888223
"DHRSX",0.842076972360922
"TATDN1",0.842041502056681
"RNF115",0.842022841780278
"TBC1D10A",0.841761143015171
"RABGGTA",0.841717512898946
"NCEH1",0.841713458064089
"QARS",0.841657676056233
"PDE4A",0.841624930820433
"PLA2G12A",0.841608587719903
"GEMIN7",0.841551977806924
"C19orf48",0.841544727563141
"TRAF3",0.841391172142411
"SEC11C",0.841376802850806
"STK19",0.841367749972213
"SYNRG",0.841363055640179
"MAP3K2",0.841305638180963
"RUFY1",0.841136895267025
"MCUR1",0.841117959013615
"HBP1",0.841019139193422
"C14orf119",0.840845181434906
"SPNS2",0.840843321835201
"TM2D2",0.840686134791775
"NDUFB5",0.840667757398834
"SMAD2",0.840597588175596
"TMEM179B",0.840581572191991
"MORC3",0.840561743722309
"NUP62",0.840555043773306
"EIF1AX",0.84054301836672
"SUPT5H",0.840340284367253
"ERH",0.84029850728871
"PAFAH1B1",0.840296295186497
"FERMT3",0.84026933405822
"RSBN1",0.840266289130067
"ADRM1",0.840226438021054
"ASNSD1",0.840152860063862
"SYNCRIP",0.840134081274467
"ARF4",0.840117335259845
"NOL9",0.840099003280751
"FAM134A",0.840082583071109
"PTPRA",0.840059298539579
"SMG5",0.840015204289551
"GCA",0.83998207618541
"SNRPB",0.839898895334601
"MAP2K3",0.839856312421279
"C12orf29",0.83982011616223
"DOLK",0.839809335022133
"C1orf52",0.839780373914202
"NSMCE3",0.839730091484156
"PEX11B",0.839698472427249
"KIF16B",0.839669030042103
"ARRB2",0.839633717758444
"NDRG2",0.839616398799753
"TMEM129",0.839517298766142
"BTBD2",0.839496664736463
"PDCD5",0.839047645390087
"ROMO1",0.839044587885543
"MRPL57",0.839005089406935
"CEP68",0.838882265681646
"CIAO1",0.838830325094814
"TUBA1C",0.838676140908902
"TMEM243",0.83866419294719
"PIM3",0.838607934587676
"NT5C2",0.838604916193365
"PDIA4",0.838603844363841
"GALNT7",0.838582115653802
"STRN4",0.838554062845711
"TBCA",0.838531486070838
"ATP6V0D1",0.838515908083391
"RP11-488L18.10",0.838419444691583
"TNS2",0.838306302435273
"TRMT6",0.838224663370833
"PMAIP1",0.838192238732533
"LMO3",0.838105496694902
"BCR",0.838042966908288
"SUCO",0.837985588480004
"GM2A",0.837983272815092
"XRCC4",0.837840497502039
"HNRNPH2",0.837825007899712
"RAB14",0.8377610957912
"ABHD17A",0.837748787833023
"ATP6V0A2",0.837688673602442
"DDX18",0.83765404281356
"BCAR3",0.837535070662746
"PQBP1",0.837443967993434
"ZNF593",0.837328743147946
"KCNK1",0.83727714059012
"TMEM167B",0.837237422942486
"CCDC47",0.837075415702582
"DDOST",0.837052124557252
"CREBBP",0.837050836420768
"DUS1L",0.836862606880579
"RAB3D",0.836843979666741
"ANAPC15",0.836743237555949
"TIMM17A",0.836737622511343
"NONO",0.836686832256754
"STAU2",0.83668294574698
"AK3",0.836589606304476
"RAB5B",0.836551621455346
"SND1",0.83647504114508
"RASSF3",0.836412105740755
"EPS8L1",0.836373057479383
"CPNE2",0.836371393523328
"SEC61A1",0.836227051650397
"CREG1",0.836214474973054
"WDR33",0.836186830189637
"HDAC3",0.836151347606052
"UQCRFS1",0.836102213380416
"AVPI1",0.835857867971899
"BOD1",0.83581744593258
"MRPL33",0.835793925007508
"SLC39A3",0.835775984403079
"IP6K2",0.835533768580791
"KRT10",0.835503978272547
"FAM3C",0.835498243938002
"POLR2G",0.835366625457133
"COMMD1",0.835297363478292
"PPP1R9B",0.835200981540814
"NGFRAP1",0.835113830962464
"DNAJC4",0.835093329085029
"SNAP29",0.834964274389758
"HTATIP2",0.834961180660262
"HNRNPAB",0.834941131589941
"ABRACL",0.834869674115851
"NCK1",0.834815266914669
"NR6A1",0.834806104685934
"HLA-DMA",0.834792413671332
"PIGP",0.834760150186173
"RP11-352M15.2",0.834755712022272
"NISCH",0.83474457966403
"BUD31",0.834659325184631
"EDEM3",0.834635207467437
"COQ2",0.834544668166305
"ATXN10",0.834509831967739
"DLG1",0.834477257472977
"MRPL52",0.834377133862086
"ZRANB2",0.834225253785806
"TCN2",0.834147790095644
"RSL24D1",0.834107619512864
"SMURF1",0.83402453536158
"GSTZ1",0.833973448298973
"COX5A",0.833927413440722
"MRPS12",0.833914923418869
"HNRNPUL1",0.833883784853058
"PA2G4",0.833866141640937
"RFXANK",0.833856606583374
"PNRC1",0.833749007496741
"ALG5",0.833744040131957
"NHP2",0.833743218155301
"MCEE",0.833742393747216
"VKORC1",0.833734102247983
"TC2N",0.833730804937603
"ANAPC13",0.833695983647244
"SMIM4",0.833667235745312
"THAP4",0.833658742052763
"ACOT7",0.833649911947295
"ARHGEF35",0.833554842233416
"RNF138",0.833529409073088
"TRMT112",0.833368771111295
"RBM39",0.833352972521279
"SFTA3",0.833351241607815
"C16orf13",0.833339170021234
"CYLD",0.833276968719819
"USO1",0.833276473874047
"SRD5A3",0.833086542906869
"EIF3I",0.833064455588527
"RPL34",0.832999307731759
"CDK2AP2",0.832952401145727
"WDR46",0.832881122047305
"ASH1L",0.832855002274528
"ZZEF1",0.83260879621316
"SRPK2",0.832602101162068
"GOLGA2",0.832567019529687
"LSM6",0.832486383741699
"GSTO2",0.832436053782158
"MAGOH",0.83242959123551
"PLCG2",0.832427643433131
"KRTCAP2",0.832419879032405
"MAPK1IP1L",0.832355998284829
"ASPH",0.832212001188054
"DUOXA1",0.832199191878544
"ERO1A",0.831956498230281
"CRIM1",0.831946381655573
"UBE2E3",0.831943376531209
"TSR3",0.831939776462336
"PSMD8",0.831890276483867
"EBPL",0.831847284899729
"POGK",0.831792976449318
"PARVB",0.831766168157192
"RNF135",0.83175150381517
"UROS",0.831711746681472
"CCDC57",0.831325669812287
"CCDC167",0.831115697957108
"SUCLG1",0.831052473673623
"FAM46C",0.83103547522789
"AIMP1",0.830918246287525
"FAM3B",0.830720736631236
"PARP10",0.830571203356122
"CCSER2",0.830549876038993
"ADI1",0.830479130295468
"ANP32B",0.830446005918166
"TRIM28",0.830348115342404
"FUOM",0.830293180695766
"GPS1",0.830269676937024
"MESDC1",0.830246658743116
"S100A14",0.830181609894856
"FBP1",0.830114638698396
"HAT1",0.829945729475715
"CXADR",0.829891249158592
"TIAL1",0.829862510720461
"TERF2IP",0.829834150835713
"SRPK1",0.829665101895313
"SNRPD3",0.829598646616133
"CTD-3157E16.2",0.829544155657815
"ALDH9A1",0.829535841379413
"ERP44",0.82952002204554
"TBL3",0.829456554292234
"TTC9C",0.829451008167202
"TWISTNB",0.829449217981091
"MIEN1",0.829362366047041
"HMGA1",0.82897493213758
"SUMO1",0.828906424640945
"TMEM101",0.828701121174897
"ASNA1",0.828692590994818
"ARF3",0.828624295319567
"VOPP1",0.828510677645269
"C18orf25",0.828456159606666
"RBMS1",0.828439857971955
"HYI",0.828376264985595
"PSMB4",0.828357056905084
"CDC37",0.82830499108978
"OLA1",0.828243548596724
"POLR2C",0.828234970675572
"EIF5",0.828227428027607
"F8A1",0.828145546212703
"LAMTOR4",0.828100560543042
"HSPA9",0.828063834060548
"TLE3",0.828057922608608
"KLHL12",0.82798580707936
"TM7SF2",0.827965528442129
"CPSF4",0.827916946145939
"MRPL18",0.827764091616714
"IGBP1",0.827662353749863
"CPNE3",0.827513568885879
"SELENBP1",0.827455324213708
"BLVRA",0.827394686582404
"BLZF1",0.827368099751893
"SECISBP2",0.827332678673149
"FEZ2",0.827312843180698
"LSM12",0.827229758805467
"UNC45A",0.827175220647254
"PPP1R15A",0.827163443438308
"CCND3",0.827128664107222
"MTPN",0.827123591832145
"RAB2B",0.8269692956588
"EFCAB14",0.826932129849861
"ETFA",0.826914196840641
"JUND",0.826842710907509
"RNF4",0.826775844255414
"ANKRD6",0.826475533552868
"AP3S1",0.826463628817557
"HSPE1",0.826450226565813
"CXXC5",0.82639310512056
"SLC25A33",0.826349680699356
"NMI",0.826325492247808
"CDK4",0.826313659427831
"ISCA2",0.826293357390242
"WBP2",0.826211577069703
"ATF2",0.826182278903187
"HIGD2A",0.826145821152619
"NDUFAF3",0.825893829747846
"ACO1",0.825817612120447
"PSMG2",0.825652240711103
"AKR1A1",0.825638644186845
"CTC-524C5.2",0.825620857189669
"SDHD",0.825318867961022
"TOR1A",0.825284380525307
"PKP4",0.825171408547784
"SH3GL1",0.825155214469924
"RRAS2",0.825036132742008
"RGS10",0.824941782600001
"NABP1",0.824940382453133
"SEC24A",0.824882328310796
"MPHOSPH8",0.824774494888646
"HDDC3",0.82473113712157
"C6orf48",0.824642918735605
"MOSPD3",0.824616345178496
"NUDT16L1",0.824599820616181
"ICAM2",0.824571988609855
"SEC24D",0.824536258244591
"BZW1",0.824521876936572
"UBALD2",0.824493229701789
"MDH2",0.824390065626369
"KDELR2",0.824378121945173
"PRKCSH",0.824353743671558
"ACP1",0.824202894439887
"GNL2",0.824143725530225
"AURKAIP1",0.824100908484719
"ZNF358",0.824070818397778
"SHISA4",0.82393905261112
"ADIPOR1",0.823913443802559
"RPS29",0.823874077342186
"NOA1",0.823855159650788
"FAM213A",0.823827358831023
"ZBTB10",0.823763907872313
"SGK3",0.823730674051653
"UBXN2A",0.823729802128011
"EHMT1",0.823718087302125
"RNF2",0.823602681811078
"MRPS33",0.823558356621544
"TOX4",0.823449610777326
"HIF1A",0.823417534241367
"NADK",0.823412163862481
"SERBP1",0.823291734961025
"METTL9",0.82328936159372
"HCCS",0.823238729895965
"GMPPA",0.823159424714124
"NBEAL1",0.823148131898632
"SH3BP5",0.823092855623014
"TCIRG1",0.823068530170499
"ENTPD3-AS1",0.823051954628024
"AC090498.1",0.822995034026064
"PLOD3",0.822883536878551
"DHCR24",0.822734524320286
"ELOVL5",0.822452559208852
"LIMA1",0.82243753418071
"CHTF8",0.822378259531235
"DRAP1",0.822341473220058
"MFF",0.822341021954735
"MTCH1",0.822336966873222
"SAT2",0.822307210623086
"SRM",0.822250243957356
"ZNF117",0.822227025310396
"C9orf16",0.822148619400584
"NABP2",0.822047222503812
"DBNL",0.821859164415385
"PCF11",0.82181227507564
"DHPS",0.821612311625
"MCU",0.821488527901073
"UQCC2",0.821416049665286
"DAP",0.821390590914116
"PRKCI",0.821338115074339
"NUDT22",0.821336870970437
"CHMP4B",0.821326356678074
"MRPL14",0.821255747722143
"GPN3",0.82120859148005
"YIPF2",0.821187363767956
"PSMD4",0.821186599335821
"DPM2",0.821106202102664
"GRHPR",0.821102864272385
"CSRNP1",0.821081871642062
"RNF11",0.820985490928374
"HBA1",0.82084871325182
"TPRA1",0.820797442269514
"MBD6",0.820777880991061
"SMAP2",0.820766045760903
"BSG",0.82059136058335
"ADCK2",0.820546385632762
"LYZ",0.820539440932564
"MAX",0.820502045866852
"URB1",0.820141796800669
"GKAP1",0.820121577137701
"TRAPPC6A",0.820099497835069
"WNT7B",0.820095904611359
"NCOR1",0.820009450410358
"MCM3",0.819932826761088
"NTAN1",0.819898702282615
"PIGV",0.819880119324346
"TMED9",0.819861946599766
"PRDX2",0.819738937873319
"CRB3",0.819686711483803
"C7orf55",0.819643840404977
"OSER1",0.819557257369407
"RSU1",0.819537385601066
"TMED10",0.819473536998837
"RNASEH1",0.819413133423798
"TBC1D20",0.819360441106638
"UBE2W",0.819086734782365
"PAM",0.819082562491887
"GPNMB",0.819070574352449
"PDE6D",0.819064958552147
"TMEM9B",0.819001997669155
"ITGB5",0.819000639473585
"TCEA3",0.818871010662403
"FXR1",0.818806118390469
"GSDMD",0.818685042666988
"EMC4",0.818625406000688
"HNRNPA2B1",0.818448449841057
"SMS",0.818407494964801
"FDX1",0.818405590341279
"ATP13A2",0.818353762673633
"TMEM241",0.818294000650442
"ADGRG1",0.818288072525561
"PSMF1",0.818123994336037
"TFG",0.818067981906095
"METTL23",0.818041873309192
"TALDO1",0.817903417036409
"FUCA2",0.817735231777701
"MOB4",0.81762265113451
"MRFAP1",0.81756649256936
"STAU1",0.817411977504701
"PRELID1",0.817335066544596
"MAGEF1",0.817284396565013
"TMEM125",0.817129407261551
"CRELD2",0.817120297676403
"ARHGEF3",0.817051945441001
"WIPI2",0.816988250460663
"LETM1",0.816965973899921
"TUFM",0.816953846618482
"USP16",0.816723957876286
"BRI3",0.816714261379099
"GORASP2",0.816588459262681
"TMEM170A",0.816553025346105
"NCSTN",0.816510449654736
"THEM4",0.816492406160513
"CD44",0.816366169820502
"HNRNPK",0.816289923205713
"YKT6",0.816194575702225
"ARAF",0.815941071668561
"LSM8",0.815835094781056
"ARHGAP35",0.815831084728628
"MAPK9",0.815825503615421
"HSPA14",0.81582229904385
"RTFDC1",0.815806378934093
"PFDN5",0.815796885031158
"RAB7A",0.815795072624408
"SCYL1",0.815755280122246
"TSEN34",0.815543633395189
"NAGLU",0.815527211478222
"NDUFB1",0.815397654527645
"XRCC5",0.815152238957692
"DNAJB9",0.815067829500008
"SH3GLB1",0.814907417777644
"AATF",0.814850870714458
"TIMM13",0.814748442557656
"RP11-469H8.6",0.814702246203387
"PTPMT1",0.814661965319173
"RPN2",0.814598211065047
"PTPN12",0.814454101620215
"C2orf47",0.814417686256562
"DPH5",0.814296062674653
"PPP1R13L",0.813996561680414
"ATP6V1H",0.813720511021078
"LSR",0.813677616171202
"CASP4",0.813662893591492
"SERINC3",0.813653640396035
"PSMB6",0.813585662059258
"CDIPT",0.81352908534845
"SHKBP1",0.813482355012616
"AIM1",0.813382104182188
"TMEM147",0.813364626417925
"EIF3A",0.813358476814569
"VDAC1",0.813046944996489
"TMEM120A",0.812856833949729
"RFC2",0.812802057109218
"NDUFB7",0.812772722263163
"MPG",0.812686253726277
"PSMB1",0.81257052840529
"TRAM1",0.812473843351717
"KIF22",0.812463630019501
"ITGAE",0.812446067209295
"CABIN1",0.812428412541828
"ARHGEF1",0.812302242146423
"ZNF280D",0.812286238952327
"ZFAND1",0.812279319845548
"PSMA7",0.812208534958375
"VPS36",0.812168162619043
"TXNL1",0.811932145320868
"PDIA3",0.811924949636454
"TWF2",0.811915835953048
"ITPK1",0.811904816471888
"SIRT2",0.811897790499287
"PIGO",0.811800656958457
"SNX3",0.811787075112312
"LTA4H",0.811618523520727
"ILF2",0.811483844019952
"LAMTOR1",0.811414268792567
"HSD17B10",0.811335659147793
"GBP2",0.811237532601064
"NUPR1",0.81119773983641
"NDUFV2",0.811180609742362
"ATP6V0B",0.811173035755875
"SPTSSA",0.811136754122634
"CD99L2",0.811021281238522
"MRPL27",0.811017244443841
"MESP1",0.810829953684257
"HYAL2",0.810618146240521
"DDX21",0.810590444793432
"ACAD10",0.810534406233766
"GAPDH",0.810489412246483
"KMT2E-AS1",0.810292399672958
"STAP2",0.809839899505914
"COPZ1",0.809535901074876
"NRDE2",0.80946628311249
"STX8",0.809407007218495
"SSNA1",0.809240554633183
"ARL5A",0.809213749719198
"NDUFA10",0.809210117081466
"TNIP1",0.809144793727585
"CREB3L4",0.809093207031517
"DHX58",0.809025649740275
"UCHL3",0.808888060332492
"CRNDE",0.808643441336119
"ANP32A",0.808460704254979
"COA3",0.808139722809232
"ATG7",0.80811186480642
"GOT1",0.808097015535724
"SEC62",0.808017724244693
"PARP12",0.807997430924597
"C14orf166",0.80798515458773
"NDUFV3",0.807795780580958
"SLC16A3",0.807629043216407
"ZSWIM7",0.807617280699393
"ISG20",0.807526354390792
"TMEM159",0.807460269980584
"CTDSP2",0.807438691000568
"RMND5B",0.807349910018524
"NPLOC4",0.807223395062202
"MT-CO1",0.80707884305962
"TCEB1",0.807077139273115
"UBE2A",0.807075662389394
"RP11-1000B6.3",0.80704927198627
"ATP11B",0.806979137021969
"ADK",0.806761518945973
"RBX1",0.806650720745971
"AKAP1",0.806406848005346
"NDUFA3",0.806272868610409
"PIGC",0.806264174293323
"AGPAT2",0.806260073792006
"RAD23A",0.806228111768231
"NDEL1",0.806162551946567
"TNFSF12",0.806130466964142
"TINF2",0.805829512757009
"NQO2",0.805770675543045
"SNX5",0.805713732891841
"HNRNPA0",0.805449806092071
"DTX2",0.805420535560978
"KIF1BP",0.805410809600576
"MZT2B",0.805393359709632
"DNAJC1",0.805202827060852
"PPIC",0.805150643270889
"RPS19BP1",0.80508488183246
"GABARAPL2",0.804903100598136
"CDK16",0.804838860333427
"APOBEC3C",0.804811424643031
"LAMP2",0.804776223191135
"PRADC1",0.804715362982814
"DAPK3",0.804661863079038
"CCNG1",0.804656021500973
"SFTPB",0.80437051660357
"TOR3A",0.804263958985671
"RPL39",0.804142058232335
"ZNF224",0.803991431578192
"LATS2",0.803815528411385
"EPHX1",0.803560891499641
"DEXI",0.803470779381376
"LAPTM4A",0.80341088850142
"UBE2J2",0.803299869720334
"NDUFB9",0.803298358930064
"LY96",0.803273699832357
"MRPL3",0.803073118662988
"WDR61",0.803046031694476
"PABPC1",0.802850636337056
"PICALM",0.802624287600262
"HINT1",0.802596840416657
"BLOC1S2",0.802585936127177
"CPTP",0.802539495414339
"FCGRT",0.802375345871848
"SMNDC1",0.80224101534815
"FPGS",0.802139950280277
"GRHL1",0.802025905300344
"PTPN2",0.801966508328794
"ECH1",0.801929190022912
"MYO9B",0.801887282424846
"CAMLG",0.801878423061445
"PHPT1",0.801747829674404
"DECR1",0.80160211674227
"SRSF6",0.80157607763887
"ZBTB43",0.801503473540481
"RNF145",0.801475887095938
"NAA38",0.801434009895588
"RBPMS",0.801374643441455
"CRLS1",0.801342393663874
"TBCK",0.801341095088349
"UNC50",0.801278136507615
"DPM3",0.801277319555909
"SRRM1",0.801031675634111
"GALE",0.800971138882603
"TMEM219",0.800963323909909
"GCHFR",0.800857232639251
"OAZ2",0.800794389405809
"STRAP",0.800637067795417
"C5orf38",0.800583219506045
"SRP19",0.800530144179828
"RPS3",0.80040140126412
"USMG5",0.800327122488719
"MGST2",0.800138403226167
"TXN",0.800050537847265
"SQSTM1",0.799667131260441
"AP5B1",0.799338631545273
"BRD4",0.799032419041067
"CISD2",0.799027372492642
"RSL1D1",0.798577588711564
"CHMP1A",0.798540826639313
"SLC25A39",0.798520177831074
"CSNK2B",0.79829741777101
"SDE2",0.798270076177633
"DTNBP1",0.79818592197036
"CCDC59",0.798163284322397
"RNASEH2C",0.798121808512178
"RBCK1",0.798116887523297
"VAMP2",0.798097129165311
"PET100",0.79789654821876
"C1orf122",0.797781664639569
"FAM129A",0.797707944515869
"SLC1A5",0.797686579372363
"VPS37B",0.797614581367003
"STRA13",0.797536123609987
"ARID4B",0.797414382608057
"HSP90B1",0.797313144096491
"TAF10",0.797112961707654
"BSPRY",0.797090589721541
"NSA2",0.796940994536078
"ATRAID",0.796855361278466
"XBP1",0.796767277973597
"LINC01023",0.796535930812668
"RPIA",0.796385512922832
"G6PD",0.796009916414973
"PGLS",0.795784298441369
"BEST1",0.795750815909286
"FBXO25",0.795731182513427
"MTUS1",0.795646010664691
"SEP15",0.795095998739045
"SLC7A8",0.794993514444814
"TRAPPC1",0.794952346777994
"LAMTOR5",0.794895738654732
"MSL2",0.794816751294642
"FGFR2",0.794261557820592
"DYNC1LI2",0.794252955654514
"TMEM263",0.794231857956968
"UBE2J1",0.794086104639181
"NDUFA13",0.793871502568349
"SDF2L1",0.793834994710422
"PDRG1",0.793552145476015
"SNU13",0.793453980499746
"SNRPD1",0.793408312654755
"PSME1",0.793355613448189
"C4orf3",0.793267003551759
"AP2M1",0.793126331543583
"TMEM141",0.792956700058969
"MZT2A",0.792854574447219
"DCTN2",0.792806129479597
"C10orf10",0.792794407479244
"TMEM9",0.792757096575358
"IMPAD1",0.792641348162212
"CUTA",0.792423779890111
"UGP2",0.792385410348911
"UBE2N",0.792263695550015
"TMEM205",0.792241766318841
"FKBP2",0.792173493333558
"PPP1CA",0.791883040775805
"NOC2L",0.791749723771331
"PUF60",0.791678305028339
"EGLN2",0.791677351607546
"ACSF3",0.791573317169236
"GNA15",0.791544467342342
"RPL3",0.79147333286079
"PLK3",0.791300207492172
"LAIR1",0.791239869579292
"YIPF3",0.791225324376516
"XIST",0.791147906838404
"ACBD3",0.791091531378054
"TOLLIP",0.791064069655186
"AKAP13",0.791061286980367
"CAPN8",0.791019857908019
"ERLEC1",0.790934154924367
"SUB1",0.790797892205317
"RASSF9",0.790766680858438
"PPDPF",0.790694856732564
"RP5-1187M17.10",0.790534111885102
"CALCOCO2",0.789940034754657
"MAP2K1",0.789828909661978
"C7orf73",0.789820141434757
"SLC19A2",0.789771321479928
"YAP1",0.789748045393652
"PPA1",0.789728906847382
"PDLIM1",0.789573698227365
"NIPA2",0.789415639910145
"SPCS2",0.789060827299099
"TMEM99",0.789043941742849
"FBXW5",0.788483924328807
"PDAP1",0.788369174039729
"MAST4",0.788194159163831
"CHMP2A",0.788146099297219
"UQCRC1",0.787914782217087
"MTMR14",0.787871768056083
"EIF4B",0.787690442118574
"WDR82",0.787680477010754
"LYSMD2",0.787671482718209
"G6PC3",0.787572702392858
"SLC4A7",0.787214390135339
"PACS1",0.787190380590951
"SUSD4",0.787180112286793
"PTP4A3",0.787164960459085
"USP28",0.787059049493168
"RAB13",0.787024909856957
"TP53I13",0.787007633685822
"BACH1",0.786914618449222
"EIF2B5",0.786914492633902
"GNB2",0.786893800278116
"MAFG",0.78678906808213
"SRSF9",0.786682226915673
"C1orf43",0.786603739189042
"APH1A",0.786450439814541
"DTYMK",0.786437428239526
"ZNHIT1",0.78643363653969
"LRRC42",0.786389562868482
"PAIP1",0.786278508257447
"RPL10A",0.786066674478883
"PITPNB",0.785914418302746
"KLHDC2",0.785874699217566
"RPL23",0.785800268719343
"SLC31A2",0.785783686074541
"ARF5",0.785747903059573
"PPM1G",0.78569374268643
"PSD4",0.785502358486396
"RPLP0",0.785421797407927
"CAPZA2",0.785414230742704
"YWHAB",0.785295642174268
"TAP2",0.78509489009976
"MANSC1",0.784946769173334
"MAL2",0.784940581376766
"PSMB2",0.784586047067884
"PGAM1",0.784528748043213
"CYTIP",0.784106243151427
"ATP6V1F",0.784059093570024
"SEPT2",0.783990066208882
"NBPF14",0.78359178357525
"RBMX2",0.78356914491351
"GPR160",0.783511226937602
"BRCC3",0.783163383430362
"HSD17B12",0.783153859591966
"SEPT8",0.782977788465249
"RHOC",0.782837048339922
"RPL36",0.782793152991315
"QSOX1",0.782780845448072
"PDCL3",0.782455657125767
"BHLHE40",0.782440611077563
"BLVRB",0.782395010364684
"PRPSAP2",0.782215100879216
"RABL3",0.781837033683989
"MALSU1",0.781765979561303
"POLR2J",0.781648359961231
"CDC26",0.781621946262997
"PMF1",0.781476291998244
"RIPK2",0.781234614695038
"GGNBP2",0.780891567654414
"RPL7L1",0.780609508609346
"AK2",0.780591186893384
"PSMB3",0.780440275132956
"UQCRC2",0.780384300121468
"SCMH1",0.780380557334335
"PPP2R1A",0.780304387199398
"NDFIP1",0.780205190531307
"CTDNEP1",0.780173802006838
"SARS",0.780050449767344
"GYG1",0.779321553288367
"SSR2",0.779269454977227
"SLC25A26",0.779162889199886
"RNF5",0.779119596474507
"NUDT8",0.778925480411746
"TXN2",0.778828473157896
"CNPY2",0.778798861206745
"COX5B",0.778581973980723
"NFIX",0.778203955194925
"SERF2",0.777748387390416
"TMEM230",0.77763813429429
"TAGLN2",0.777453465129054
"POLR2L",0.777389098762329
"COPE",0.777329409979224
"DYNLRB1",0.777204173579303
"LSM3",0.777019900420408
"TMEM167A",0.776863239158699
"RPS7",0.776834922100125
"LMNA",0.77670513558082
"SF3B6",0.77669931872121
"ZNF444",0.776620435882102
"HIGD1A",0.776412278724028
"PLA2G16",0.77636213887105
"HSBP1L1",0.77623644008236
"EIF2A",0.776167586263687
"CCDC127",0.776101794670598
"ANXA7",0.77573692122472
"ARPC1A",0.775627051600656
"SCAP",0.775461622386787
"H2AFZ",0.775334449541636
"CCNL1",0.775319554173108
"PPP4C",0.775234227315014
"TBC1D10B",0.775173504175727
"PDCD2",0.775095309995004
"EIF3H",0.775089727320954
"TOP1",0.774928303012346
"SNRPA",0.774847089220087
"ENO1",0.774769791348584
"RPP25L",0.774536336156134
"MRPL34",0.774478342771466
"LMF2",0.773755879542
"NUCKS1",0.773671663608717
"DTX4",0.773419361366894
"ERP29",0.772713456610241
"DGCR6L",0.772643459712843
"YIF1A",0.772260852043446
"CAB39L",0.772060257187411
"LINC01420",0.771426102861626
"PGD",0.771346991331733
"LINC00998",0.771126331581632
"UXT",0.771031308050787
"APEX1",0.770994375456311
"ATP5J",0.770884497208593
"EBAG9",0.770717059950178
"RTN4",0.770657693401051
"JAML",0.770413253670772
"DENND4C",0.770164408351253
"UBE2S",0.769931289632743
"S100A13",0.769876934002112
"MPST",0.769802886460714
"TRA2B",0.769800956665945
"LSM1",0.769636451749409
"TCEB2",0.769292191732861
"SELK",0.769279860026252
"NCKAP1",0.768901223939749
"LDHB",0.768630183508979
"LATS1",0.768372108887222
"RPSA",0.768329232438417
"TRAF4",0.768309469333965
"EIF4H",0.76797279610096
"LYRM7",0.767683380629768
"ST13",0.767628155104243
"ARL2",0.767556227238082
"SF3B5",0.767473045654218
"RPS5",0.766931639516099
"RAB2A",0.766679601312961
"SFTPA1",0.766554334191296
"C14orf2",0.765980783908922
"CYBB",0.765959961590197
"RPL18A",0.765806254439944
"GSPT1",0.76575684312467
"SSR1",0.765645393915202
"TBC1D9B",0.765488643574279
"PPP1R14B",0.765436667373259
"RPS17",0.765371782247144
"TMEM256",0.765288282591422
"MRPL12",0.765013545605695
"SFT2D1",0.764908409284129
"PLEKHF2",0.764838722774414
"SRSF4",0.764259612459071
"CD81",0.764169606422161
"NR1H2",0.763937562459628
"ARPC3",0.763919693227665
"C19orf43",0.763798019827512
"UBE2E1",0.763636452076784
"MT-CO3",0.763463239860631
"MFSD10",0.763232708555469
"MCFD2",0.763184726185358
"PPP2R2D",0.762875356590605
"ATP5H",0.76270300187177
"RPL30",0.762673955215791
"GCFC2",0.76265699007816
"KXD1",0.762052565960621
"ATP5O",0.761544313270912
"SNRPF",0.761391142120682
"NEDD8",0.761335805825352
"SURF1",0.760054302248183
"RHOA",0.759903340070619
"GUK1",0.759732893942155
"PAK1IP1",0.759723005500698
"ZFAS1",0.759411070570385
"RPL29",0.759324880253194
"BNIP3L",0.759324486391784
"HNRNPA3",0.759225846725666
"RAD23B",0.758907443612947
"TM9SF3",0.758520944826157
"RANBP1",0.757991586017915
"RARA",0.757728105498393
"TOMM20",0.757543503209099
"RHEB",0.757428491355523
"ASMTL",0.757191986849251
"RPL21",0.75693498785268
"ZDHHC9",0.756764053727675
"SAP18",0.756739303240325
"RPL5",0.756532956893062
"EHBP1L1",0.755017753673731
"SFTPA2",0.754997817561705
"IQSEC1",0.754613200486952
"IMPDH2",0.754397514469674
"RALY",0.753199285431497
"COMT",0.752940953371328
"GLTP",0.752937833278599
"RUNX2",0.752856490288805
"FAU",0.752656816306997
"ENSA",0.751967844056117
"EIF4G2",0.75170833744452
"ECHS1",0.751101864670413
"IDH1",0.750920429248213
"MIF",0.75075136292285
"COX7A2L",0.750622343292798
"RNF166",0.749853245963177
"RPL37",0.749787488431066
"ENTPD4",0.74976552987128
"MAML3",0.749042154103724
"RBM3",0.748852201926127
"NDUFA11",0.74884007146615
"PLEKHA2",0.748828014759762
"NOP10",0.747851339707926
"UBE2K",0.747599041158428
"AP2S1",0.7471810402778
"VTI1B",0.747047063227671
"TKT",0.746790234109771
"RPL37A",0.746606713301442
"ANXA5",0.745654388713574
"MRPL54",0.744963812405575
"PDIA6",0.744623177676438
"RPS28",0.744355687005686
"NDUFB11",0.743828227864914
"FKBP1A",0.74361889675713
"LINC00493",0.743379827824827
"TMED3",0.742550735690645
"RPS25",0.741543267965204
"MYEOV2",0.741395445919858
"RPL7A",0.741163887989491
"MGST1",0.740330414654084
"RAP1B",0.740005605824372
"SRP72",0.739737261923379
"CTSD",0.738567065631655
"PARK7",0.738367796763367
"FUNDC2",0.738027474696244
"SRSF3",0.737355080314318
"C9orf142",0.73656830475756
"CNBP",0.736252342110583
"RPL9",0.735427747973321
"EIF3M",0.735401686758516
"EI24",0.734898155914698
"RPL7",0.734224097177673
"ARPC2",0.734149935699078
"SELM",0.73380576099522
"SSU72",0.733789618146285
"SEC11A",0.732841528507379
"ALKBH7",0.732745073584558
"PEBP1",0.73249229532402
"RPS11",0.732457323600751
"RPL27A",0.731327067749638
"C12orf57",0.730747612130056
"HDDC2",0.729403331363255
"NDUFA4",0.728311820170781
"MTDH",0.727907703053782
"SCP2",0.726951646812944
"GTF3C6",0.725398784442363
"SNRPD2",0.725253960841626
"S100A16",0.725089143044797
"IRF2BP2",0.724844871606241
"RPL8",0.724755789203243
"EIF3L",0.72383615352445
"HLA-DPA1",0.723725036362467
"RPS23",0.723235954893034
"CORO1B",0.722897598233526
"ATP5G2",0.722657202177466
"PPIA",0.72231861056617
"RPS15A",0.722076847054121
"NDUFB8",0.722060697074056
"ATP5I",0.721503815615534
"TSPO",0.721150895405028
"CST3",0.721148177082208
"RPL18",0.720760300796018
"UBE2D2",0.719686810406978
"FTL",0.718853165959044
"ATP5G3",0.718757915183135
"PCBP2",0.718201210044552
"NDUFA2",0.716669270945513
"RPS12",0.716499719770343
"SNRPG",0.716202605973561
"ZNF207",0.716132590954437
"EIF3F",0.71557230415661
"NDUFS6",0.713858675810616
"OAZ1",0.713017520574894
"UQCR10",0.712807905190758
"EIF1",0.712104931132579
"DNAJC17",0.712090753739939
"UBL5",0.711552210865202
"PFN1",0.709839512299846
"UBE2D3",0.709527312585653
"NDUFC2",0.709492997760934
"MRPS15",0.708262344846767
"RPS24",0.706877116430632
"TMEM258",0.706221721499246
"ISCU",0.704915112461601
"POLR1D",0.704417712414776
"MUC1",0.70419766565274
"RPL31",0.703773066135917
"CFL1",0.703337846328424
"C19orf53",0.703177820042506
"HNRNPDL",0.702931899342658
"ALDH2",0.701457756623944
"SNF8",0.701388000693013
"P4HB",0.700952637381525
"EIF3G",0.700644910430599
"RPS4X",0.700544786984499
"RPL28",0.700367193965384
"UQCR11",0.69867563970228
"COX7B",0.697980035438178
"SPCS1",0.697467513802238
"HMGB1",0.697466949010386
"COX7A2",0.696776136951189
"WDR83OS",0.696713045996849
"CHCHD2",0.69570148243889
"ZNF217",0.695548425084196
"SUMO2",0.695480736247895
"TPI1",0.694287769703603
"SEC61G",0.692462572215105
"PRDX6",0.692045634846322
"DAD1",0.69186703904766
"ATP5J2",0.690884637424188
"DDX5",0.69029893091085
"RPS14",0.690277293198465
"ARF1",0.690191994672881
"EIF3K",0.690167327067599
"GNB2L1",0.688763724081199
"POLE4",0.688731460357981
"SRSF5",0.687927181702374
"NDUFB4",0.687718901072924
"TMED2",0.687477093768903
"RPS10",0.686609827813688
"GPX1",0.684188585462048
"RPL35A",0.68331693436842
"PCBD1",0.682580410815352
"JTB",0.682163204915858
"UQCRB",0.681878481524206
"EIF4A2",0.681423709027963
"CSTB",0.681275786705177
"COX14",0.680774071515299
"HMGN1",0.680703330009363
"PPA2",0.679554841092988
"SLC25A5",0.678690092753013
"ASAH1",0.678671684839091
"EIF3E",0.678041610175556
"COMMD6",0.677691679554181
"CCNI",0.677560040878799
"GNAS",0.677271286847618
"DDT",0.67725603039016
"RPL32",0.677191745253778
"RPL13",0.676304509269486
"ALDOA",0.675053459830195
"RPS13",0.674893863609491
"ATP5D",0.671645685533068
"ATP5E",0.669929952221778
"RPS9",0.669865137458226
"FIS1",0.669492401313299
"ARL6IP4",0.668754427834343
"RPLP2",0.667329740080306
"COX6C",0.666976807065534
"APRT",0.666470113171856
"ATP6V0E1",0.665948951554936
"RAC1",0.66570650427025
"RPL14",0.665321221346774
"NDUFB2",0.664816101964981
"VAPA",0.663000914674106
"COX6B1",0.662520159301411
"SERP1",0.661819027292971
"GNG5",0.661696984682234
"RPL23A",0.659455837274475
"YBX1",0.659037318317346
"ANAPC11",0.656641378689975
"RPL35",0.655814406776351
"RPL27",0.655151288275598
"UQCRH",0.654189675750901
"CIRBP",0.654184222416797
"ATP5L",0.652725232332702
"NDUFS5",0.652487032456909
"RPS15",0.651591387305611
"RPS21",0.643352101190795
"NACA",0.642344139763113
"GLTSCR2",0.641717441984293
"BTF3",0.639130110811025
"NPM1",0.638861490041363
"RPL10",0.638026497754912
"SMDT1",0.638015719241469
"SKP1",0.637774774087963
"BRK1",0.637716499863483
"RPL36A",0.637545123607766
"SLC25A3",0.63586106765434
"ANAPC16",0.634609539482613
"RPS6",0.630567467155237
"RPL11",0.624666001302327
"UBA52",0.621301425368526
"ATP6V1G1",0.621197301322486
"COX7C",0.62098705591787
"SLC25A6",0.620710414429048
"HNRNPA1",0.615966943733871
"SEC61B",0.611094959156395
"EEF1B2",0.610942425757194
"OST4",0.609154134124788
"EEF1D",0.607849425641985
"RPL38",0.60771934422973
"RPS20",0.606967691676321
"SSR4",0.60613970335203
"RPL22",0.601288109979383
"COX8A",0.599966112821639
"ATP1A1",0.599754640862733
"EEF2",0.599546119285514
"RPS16",0.597806817558968
"UQCRQ",0.593801051253782
"TPT1",0.592962515734216
"TMA7",0.592192150572908
"RPL4",0.59099859045398
"MALAT1",0.5897672593619
"RPL19",0.589680832358797
"EDF1",0.580539412926672
"COX4I1",0
"EEF1A1",0
"RPL36AL",0
"RPL41",0
"RPLP1",0
"RPS27",0
"TOMM7",0
